Kb  1.30 -2.3152  0.0631   1.0000  0.8504  0.8117  0.0386  0.1496    0.163    0.156    3.029      5.20419639
Kb  1.30 -2.3152  0.0708   1.0000  0.8458  0.8059  0.0399  0.1542    0.171    0.162    3.081      4.96035644
Kb  1.30 -2.3152  0.0794   1.0000  0.8413  0.7999  0.0414  0.1587    0.177    0.168    3.128      4.74989745
Kb  1.30 -2.3152  0.0891   1.0000  0.8366  0.7936  0.0430  0.1634    0.184    0.174    3.174      4.55368829
Kb  1.30 -2.3152  0.1000   1.0000  0.8320  0.7873  0.0447  0.1680    0.193    0.183    3.236      4.30162419
Kb  1.30 -2.3152  0.1122   1.0000  0.8271  0.7812  0.0460  0.1729    0.200    0.189    3.279      4.13506458
Kb  1.30 -2.3152  0.1259   1.0000  0.8221  0.7748  0.0473  0.1779    0.207    0.195    3.321      3.97896989
Kb  1.30 -2.3152  0.1413   1.0000  0.8172  0.7685  0.0487  0.1828    0.215    0.203    3.372      3.79443395
Kb  1.30 -2.3152  0.1585   1.0000  0.8128  0.7629  0.0499  0.1872    0.137    0.128    2.884      5.94955976
Kb  1.30 -2.3152  0.1778   1.0000  0.8081  0.7568  0.0513  0.1919    0.140    0.131    2.918      5.76766351
Kb  1.30 -2.3152  0.1995   1.0000  0.8034  0.7506  0.0528  0.1966    0.144    0.134    2.953      5.58273039
Kb  1.30 -2.3152  0.2239   1.0000  0.7986  0.7443  0.0543  0.2014    0.148    0.138    2.992      5.38495785
Kb  1.30 -2.3152  0.2512   1.0000  0.7937  0.7378  0.0560  0.2063    0.153    0.142    3.033      5.18388029
Kb  1.30 -2.3152  0.2818   1.0000  0.7889  0.7312  0.0576  0.2111    0.160    0.148    3.089      4.92489921
Kb  1.30 -2.3152  0.3162   1.0000  0.7842  0.7249  0.0593  0.2158    0.175    0.162    3.194      4.46928587
Kb  1.30 -2.3152  0.3548   1.0000  0.7797  0.7187  0.0609  0.2203    0.186    0.172    3.265      4.18809528
Kb  1.30 -2.3152  0.3981   1.0000  0.7750  0.7124  0.0627  0.2250    0.200    0.184    3.349      3.87761626
Kb  1.30 -2.3152  0.4467   1.0000  0.7705  0.7061  0.0644  0.2295    0.227    0.208    3.495      3.38903916
Kb  1.30 -2.3152  0.5012   1.0000  0.7664  0.7004  0.0660  0.2336    0.240    0.219    3.559      3.19430531
Kb  1.30 -2.3152  0.5623   1.0000  0.7621  0.6944  0.0677  0.2379    0.254    0.231    3.626      3.00321610
Kb  1.30 -2.3152  0.6310   1.0000  0.7580  0.6885  0.0695  0.2420    0.269    0.245    3.697      2.81387019
Kb  1.30 -2.3152  0.7079   1.0000  0.7537  0.6824  0.0713  0.2463    0.290    0.263    3.784      2.59698923
Kb  1.30 -2.3152  0.7943   1.0000  0.7496  0.6764  0.0732  0.2504    0.326    0.294    3.915      2.30180303
Kb  1.30 -2.3152  0.8913   1.0000  0.7459  0.6710  0.0749  0.2541    0.348    0.313    3.991      2.14569810
Kb  1.30 -2.3152  1.0000   1.0000  0.7421  0.6652  0.0768  0.2579    0.365    0.327    4.050      2.03287843
Kb  1.30 -2.3152  1.1220   1.0000  0.7379  0.6590  0.0789  0.2621    0.366    0.327    4.060      2.01464299
Kb  1.30 -2.3152  1.2589   1.0000  0.7329  0.6513  0.0816  0.2671    0.355    0.315    4.032      2.06611081
Kb  1.30 -2.3152  1.4125   1.0000  0.7285  0.6443  0.0842  0.2715    0.479    0.424    4.365      1.52010035
Kb  1.30 -2.3152  1.5849   1.0000  0.7248  0.6383  0.0864  0.2752    0.502    0.442    4.421      1.44399142
Kb  1.30 -2.3152  1.7783   1.0000  0.7210  0.6321  0.0889  0.2790    0.550    0.482    4.527      1.31023983
Kb  1.30 -2.3152  1.9953   1.0000  0.7178  0.6265  0.0913  0.2822    0.626    0.546    4.671      1.14706039
Kb  1.30 -2.3152  2.2387   1.0000  0.7144  0.6206  0.0938  0.2856    0.686    0.596    4.776      1.04133807
Kb  1.30 -2.3152  2.5119   1.0000  0.7109  0.6146  0.0963  0.2891    0.769    0.665    4.905      0.92454524
Kb  1.30 -2.3152  2.8184   1.0000  0.7084  0.6099  0.0985  0.2916    0.842    0.725    5.007      0.84159277
Kb  1.30 -2.3152  3.1623   1.0000  0.7057  0.6048  0.1009  0.2943    0.914    0.783    5.101      0.77197811
Kb  1.30 -2.3152  3.5481   1.0000  0.7026  0.5990  0.1036  0.2974    0.990    0.844    5.192      0.71007454
Kb  1.30 -2.3152  3.9811   1.0000  0.6998  0.5935  0.1063  0.3002    1.084    0.919    5.295      0.64583624
Kb  1.30 -2.3152  4.4668   1.0000  0.6968  0.5877  0.1091  0.3032    1.193    1.006    5.404      0.58418131
Kb  1.30 -2.3152  5.0119   1.0000  0.6942  0.5823  0.1120  0.3058    1.311    1.100    5.511      0.52940857
Kb  1.30 -2.3152  5.6234   1.0000  0.6915  0.5766  0.1150  0.3085    1.421    1.184    5.602      0.48677646
Kb  1.30 -2.3152  6.3096   1.0000  0.6894  0.5715  0.1179  0.3106    1.560    1.293    5.707      0.44197620
Kb  1.30 -2.3152  7.0795   1.0000  0.6873  0.5664  0.1208  0.3127    1.687    1.390    5.795      0.40738370
Kb  1.30 -2.3152  7.9433   1.0000  0.6850  0.5609  0.1241  0.3150    1.821    1.491    5.882      0.37610035
Kb  1.30 -2.3152  8.9125   1.0000  0.6827  0.5551  0.1276  0.3173    1.981    1.610    5.977      0.34466308
Kb  1.30 -2.3152 10.0000   1.0000  0.6807  0.5493  0.1314  0.3193    2.192    1.769    6.090      0.31053143
Kb  1.30 -2.3152 11.2202   1.0000  0.6787  0.5436  0.1351  0.3213    2.271    1.819    6.131      0.29890479
Kb  1.30 -2.3152 12.5893   1.0000  0.6737  0.5378  0.1359  0.3263    2.425    1.936    6.211      0.27780485
Kb  1.30 -2.3152 14.1254   1.0000  0.6669  0.5316  0.1352  0.3331    2.723    2.171    6.348      0.24486703
Kb  1.30 -2.3152 15.8489   1.0000  0.6612  0.5254  0.1358  0.3388    2.911    2.313    6.429      0.22713940
Kb  1.30 -2.3152 17.7828   1.0000  0.6545  0.5199  0.1346  0.3455    3.037    2.412    6.486      0.21551788
Kb  1.30 -1.7129  0.0631   1.0000  0.8523  0.8142  0.0381  0.1477    0.124    0.118    2.727      6.87535753
Kb  1.30 -1.7129  0.0708   1.0000  0.8474  0.8079  0.0395  0.1526    0.132    0.126    2.805      6.39713570
Kb  1.30 -1.7129  0.0794   1.0000  0.8430  0.8022  0.0409  0.1570    0.140    0.133    2.868      6.03768241
Kb  1.30 -1.7129  0.0891   1.0000  0.8384  0.7960  0.0424  0.1616    0.146    0.139    2.924      5.73366189
Kb  1.30 -1.7129  0.1000   1.0000  0.8340  0.7899  0.0441  0.1660    0.155    0.147    2.993      5.38033570
Kb  1.30 -1.7129  0.1122   1.0000  0.8296  0.7843  0.0453  0.1704    0.109    0.103    2.620      7.58397874
Kb  1.30 -1.7129  0.1259   1.0000  0.8248  0.7782  0.0466  0.1752    0.113    0.107    2.664      7.28730966
Kb  1.30 -1.7129  0.1413   1.0000  0.8198  0.7718  0.0479  0.1802    0.119    0.112    2.721      6.91345381
Kb  1.30 -1.7129  0.1585   1.0000  0.8151  0.7658  0.0493  0.1849    0.124    0.116    2.774      6.58063410
Kb  1.30 -1.7129  0.1778   1.0000  0.8104  0.7597  0.0507  0.1896    0.131    0.122    2.837      6.20887978
Kb  1.30 -1.7129  0.1995   1.0000  0.8055  0.7533  0.0521  0.1945    0.137    0.128    2.898      5.87245462
Kb  1.30 -1.7129  0.2239   1.0000  0.8007  0.7471  0.0536  0.1993    0.149    0.139    2.995      5.37136225
Kb  1.30 -1.7129  0.2512   1.0000  0.7962  0.7410  0.0552  0.2038    0.161    0.150    3.082      4.95478944
Kb  1.30 -1.7129  0.2818   1.0000  0.7916  0.7349  0.0567  0.2084    0.175    0.163    3.184      4.51239978
Kb  1.30 -1.7129  0.3162   1.0000  0.7870  0.7286  0.0584  0.2130    0.195    0.180    3.305      4.03689383
Kb  1.30 -1.7129  0.3548   1.0000  0.7826  0.7226  0.0600  0.2174    0.207    0.191    3.377      3.77834504
Kb  1.30 -1.7129  0.3981   1.0000  0.7783  0.7167  0.0615  0.2217    0.222    0.204    3.457      3.51050472
Kb  1.30 -1.7129  0.4467   1.0000  0.7737  0.7104  0.0632  0.2263    0.239    0.219    3.543      3.24071327
Kb  1.30 -1.7129  0.5012   1.0000  0.7693  0.7044  0.0649  0.2307    0.260    0.238    3.643      2.95575976
Kb  1.30 -1.7129  0.5623   1.0000  0.7652  0.6986  0.0666  0.2348    0.279    0.255    3.725      2.74087516
Kb  1.30 -1.7129  0.6310   1.0000  0.7610  0.6927  0.0683  0.2390    0.303    0.275    3.819      2.51462189
Kb  1.30 -1.7129  0.7079   1.0000  0.7567  0.6866  0.0701  0.2433    0.330    0.300    3.920      2.29184535
Kb  1.30 -1.7129  0.7943   1.0000  0.7524  0.6805  0.0720  0.2476    0.353    0.319    3.998      2.13181148
Kb  1.30 -1.7129  0.8913   1.0000  0.7486  0.6748  0.0738  0.2514    0.382    0.344    4.088      1.96168844
Kb  1.30 -1.7129  1.0000   1.0000  0.7446  0.6690  0.0757  0.2554    0.412    0.370    4.178      1.80587034
Kb  1.30 -1.7129  1.1220   1.0000  0.7408  0.6632  0.0775  0.2592    0.419    0.375    4.200      1.77002554
Kb  1.30 -1.7129  1.2589   1.0000  0.7366  0.6569  0.0798  0.2634    0.411    0.366    4.185      1.79402966
Kb  1.30 -1.7129  1.4125   1.0000  0.7311  0.6482  0.0829  0.2689    0.529    0.469    4.469      1.38175166
Kb  1.30 -1.7129  1.5849   1.0000  0.7272  0.6421  0.0851  0.2728    0.567    0.500    4.549      1.28348596
Kb  1.30 -1.7129  1.7783   1.0000  0.7236  0.6362  0.0874  0.2764    0.607    0.533    4.629      1.19272178
Kb  1.30 -1.7129  1.9953   1.0000  0.7204  0.6306  0.0898  0.2796    0.660    0.578    4.725      1.09136269
Kb  1.30 -1.7129  2.2387   1.0000  0.7171  0.6249  0.0922  0.2829    0.722    0.629    4.828      0.99310999
Kb  1.30 -1.7129  2.5119   1.0000  0.7134  0.6186  0.0949  0.2866    0.798    0.692    4.941      0.89418970
Kb  1.30 -1.7129  2.8184   1.0000  0.7101  0.6126  0.0974  0.2899    0.862    0.744    5.031      0.82335182
Kb  1.30 -1.7129  3.1623   1.0000  0.7072  0.6072  0.0999  0.2928    0.959    0.823    5.151      0.73738327
Kb  1.30 -1.7129  3.5481   1.0000  0.7044  0.6019  0.1025  0.2956    1.063    0.908    5.267      0.66252368
Kb  1.30 -1.7129  3.9811   1.0000  0.7015  0.5963  0.1052  0.2985    1.173    0.997    5.378      0.59795629
Kb  1.30 -1.7129  4.4668   1.0000  0.6987  0.5908  0.1080  0.3013    1.294    1.094    5.489      0.54008608
Kb  1.30 -1.7129  5.0119   1.0000  0.6960  0.5852  0.1108  0.3040    1.416    1.191    5.591      0.49139182
Kb  1.30 -1.7129  5.6234   1.0000  0.6936  0.5800  0.1136  0.3064    1.543    1.290    5.688      0.44964102
Kb  1.30 -1.7129  6.3096   1.0000  0.6911  0.5745  0.1166  0.3089    1.688    1.403    5.790      0.40943714
Kb  1.30 -1.7129  7.0795   1.0000  0.6886  0.5690  0.1197  0.3114    1.819    1.503    5.874      0.37865788
Kb  1.30 -1.7129  7.9433   1.0000  0.6862  0.5634  0.1228  0.3138    1.956    1.606    5.957      0.35078559
Kb  1.30 -1.7129  8.9125   1.0000  0.6839  0.5577  0.1263  0.3161    2.108    1.719    6.042      0.32441121
Kb  1.30 -1.7129 10.0000   1.0000  0.6819  0.5519  0.1299  0.3181    2.317    1.875    6.148      0.29432952
Kb  1.30 -1.7129 11.2202   1.0000  0.6798  0.5461  0.1337  0.3202    2.482    1.994    6.226      0.27389414
Kb  1.30 -1.7129 12.5893   1.0000  0.6762  0.5401  0.1361  0.3238    2.658    2.123    6.306      0.25442327
Kb  1.30 -1.7129 14.1254   1.0000  0.6694  0.5340  0.1354  0.3306    2.853    2.276    6.394      0.23459203
Kb  1.30 -1.7129 15.8489   1.0000  0.6639  0.5278  0.1360  0.3361    3.045    2.421    6.474      0.21803450
Kb  1.30 -1.7129 17.7828   1.0000  0.6571  0.5222  0.1349  0.3429    3.258    2.589    6.558      0.20169176
Kb  1.30 -1.3146  0.0631   1.0000  0.8533  0.8155  0.0378  0.1467    0.106    0.102    2.559      8.02589372
Kb  1.30 -1.3146  0.0708   1.0000  0.8485  0.8093  0.0392  0.1515    0.114    0.108    2.637      7.46650790
Kb  1.30 -1.3146  0.0794   1.0000  0.8440  0.8034  0.0405  0.1560    0.122    0.116    2.722      6.90489678
Kb  1.30 -1.3146  0.0891   1.0000  0.8397  0.7977  0.0420  0.1603    0.130    0.123    2.794      6.46229752
Kb  1.30 -1.3146  0.1000   1.0000  0.8352  0.7916  0.0436  0.1648    0.139    0.132    2.873      6.00938252
Kb  1.30 -1.3146  0.1122   1.0000  0.8309  0.7860  0.0450  0.1691    0.113    0.107    2.655      7.34781056
Kb  1.30 -1.3146  0.1259   1.0000  0.8262  0.7800  0.0462  0.1738    0.120    0.114    2.728      6.86872128
Kb  1.30 -1.3146  0.1413   1.0000  0.8214  0.7740  0.0475  0.1786    0.127    0.120    2.793      6.47121748
Kb  1.30 -1.3146  0.1585   1.0000  0.8166  0.7678  0.0488  0.1834    0.133    0.125    2.852      6.12567946
Kb  1.30 -1.3146  0.1778   1.0000  0.8120  0.7618  0.0502  0.1880    0.145    0.136    2.950      5.59874733
Kb  1.30 -1.3146  0.1995   1.0000  0.8072  0.7556  0.0516  0.1928    0.158    0.148    3.051      5.09845646
Kb  1.30 -1.3146  0.2239   1.0000  0.8026  0.7495  0.0531  0.1974    0.175    0.164    3.167      4.58412986
Kb  1.30 -1.3146  0.2512   1.0000  0.7981  0.7435  0.0545  0.2019    0.190    0.177    3.260      4.20812825
Kb  1.30 -1.3146  0.2818   1.0000  0.7936  0.7375  0.0561  0.2064    0.204    0.189    3.343      3.89856062
Kb  1.30 -1.3146  0.3162   1.0000  0.7891  0.7314  0.0576  0.2109    0.219    0.203    3.430      3.59827518
Kb  1.30 -1.3146  0.3548   1.0000  0.7848  0.7256  0.0592  0.2152    0.235    0.217    3.511      3.33884382
Kb  1.30 -1.3146  0.3981   1.0000  0.7804  0.7197  0.0608  0.2196    0.249    0.229    3.578      3.13959212
Kb  1.30 -1.3146  0.4467   1.0000  0.7760  0.7136  0.0624  0.2240    0.265    0.244    3.653      2.93055753
Kb  1.30 -1.3146  0.5012   1.0000  0.7716  0.7076  0.0640  0.2284    0.289    0.265    3.755      2.66567411
Kb  1.30 -1.3146  0.5623   1.0000  0.7677  0.7021  0.0656  0.2323    0.310    0.284    3.837      2.47390200
Kb  1.30 -1.3146  0.6310   1.0000  0.7635  0.6962  0.0672  0.2365    0.335    0.306    3.927      2.27571406
Kb  1.30 -1.3146  0.7079   1.0000  0.7591  0.6901  0.0690  0.2409    0.367    0.334    4.032      2.06684602
Kb  1.30 -1.3146  0.7943   1.0000  0.7550  0.6842  0.0708  0.2450    0.395    0.358    4.116      1.91221787
Kb  1.30 -1.3146  0.8913   1.0000  0.7512  0.6787  0.0725  0.2488    0.427    0.386    4.208      1.75755322
Kb  1.30 -1.3146  1.0000   1.0000  0.7473  0.6730  0.0743  0.2527    0.458    0.413    4.290      1.63000586
Kb  1.30 -1.3146  1.1220   1.0000  0.7435  0.6672  0.0762  0.2565    0.488    0.438    4.363      1.52344308
Kb  1.30 -1.3146  1.2589   1.0000  0.7397  0.6615  0.0782  0.2603    0.482    0.431    4.354      1.53541277
Kb  1.30 -1.3146  1.4125   1.0000  0.7336  0.6521  0.0815  0.2664    0.523    0.465    4.452      1.40340338
Kb  1.30 -1.3146  1.5849   1.0000  0.7290  0.6450  0.0841  0.2710    0.609    0.539    4.626      1.19617772
Kb  1.30 -1.3146  1.7783   1.0000  0.7252  0.6389  0.0864  0.2748    0.664    0.585    4.724      1.09267366
Kb  1.30 -1.3146  1.9953   1.0000  0.7219  0.6332  0.0887  0.2781    0.724    0.635    4.823      0.99708541
Kb  1.30 -1.3146  2.2387   1.0000  0.7185  0.6274  0.0912  0.2815    0.792    0.691    4.925      0.90751241
Kb  1.30 -1.3146  2.5119   1.0000  0.7149  0.6211  0.0938  0.2851    0.878    0.763    5.043      0.81407278
Kb  1.30 -1.3146  2.8184   1.0000  0.7114  0.6150  0.0964  0.2886    0.951    0.822    5.135      0.74817617
Kb  1.30 -1.3146  3.1623   1.0000  0.7083  0.6094  0.0989  0.2917    1.055    0.908    5.253      0.67142361
Kb  1.30 -1.3146  3.5481   1.0000  0.7056  0.6042  0.1014  0.2944    1.168    1.000    5.367      0.60419643
Kb  1.30 -1.3146  3.9811   1.0000  0.7027  0.5987  0.1041  0.2973    1.279    1.090    5.470      0.54929773
Kb  1.30 -1.3146  4.4668   1.0000  0.7000  0.5932  0.1068  0.3000    1.391    1.179    5.566      0.50321494
Kb  1.30 -1.3146  5.0119   1.0000  0.6972  0.5876  0.1095  0.3028    1.530    1.290    5.674      0.45561395
Kb  1.30 -1.3146  5.6234   1.0000  0.6947  0.5824  0.1123  0.3053    1.662    1.393    5.767      0.41795819
Kb  1.30 -1.3146  6.3096   1.0000  0.6922  0.5769  0.1152  0.3078    1.813    1.511    5.865      0.38178287
Kb  1.30 -1.3146  7.0795   1.0000  0.6897  0.5714  0.1183  0.3103    1.987    1.646    5.969      0.34716586
Kb  1.30 -1.3146  7.9433   1.0000  0.6873  0.5660  0.1214  0.3127    2.135    1.758    6.050      0.32201003
Kb  1.30 -1.3146  8.9125   1.0000  0.6850  0.5604  0.1246  0.3150    2.304    1.884    6.137      0.29736749
Kb  1.30 -1.3146 10.0000   1.0000  0.6828  0.5547  0.1282  0.3172    2.510    2.039    6.233      0.27202473
Kb  1.30 -1.3146 11.2202   1.0000  0.6808  0.5489  0.1318  0.3192    2.690    2.169    6.312      0.25303635
Kb  1.30 -1.3146 12.5893   1.0000  0.6798  0.5446  0.1352  0.3202    2.923    2.341    6.403      0.23260361
Kb  1.30 -1.3146 14.1254   1.0000  0.6721  0.5371  0.1350  0.3279    3.026    2.418    6.454      0.22208248
Kb  1.30 -1.3146 15.8489   1.0000  0.6668  0.5312  0.1356  0.3332    3.381    2.694    6.583      0.19720387
Kb  1.30 -1.3146 17.7828   1.0000  0.6596  0.5249  0.1347  0.3404    3.568    2.839    6.653      0.18487627
Kb  1.30 -0.7052  0.0631   1.0000  0.8540  0.8164  0.0376  0.1460    0.114    0.109    2.638      7.46117383
Kb  1.30 -0.7052  0.0708   1.0000  0.8496  0.8108  0.0388  0.1504    0.122    0.116    2.709      6.98558058
Kb  1.30 -0.7052  0.0794   1.0000  0.8452  0.8051  0.0402  0.1548    0.130    0.124    2.792      6.47710217
Kb  1.30 -0.7052  0.0891   1.0000  0.8411  0.7996  0.0415  0.1589    0.138    0.132    2.861      6.07490574
Kb  1.30 -0.7052  0.1000   1.0000  0.8369  0.7940  0.0430  0.1631    0.147    0.139    2.930      5.70191181
Kb  1.30 -0.7052  0.1122   1.0000  0.8327  0.7881  0.0445  0.1673    0.152    0.144    2.972      5.48676347
Kb  1.30 -0.7052  0.1259   1.0000  0.8285  0.7829  0.0456  0.1715    0.143    0.135    2.913      5.79217460
Kb  1.30 -0.7052  0.1413   1.0000  0.8239  0.7771  0.0468  0.1761    0.155    0.146    3.004      5.32701957
Kb  1.30 -0.7052  0.1585   1.0000  0.8193  0.7712  0.0481  0.1807    0.165    0.156    3.082      4.95867343
Kb  1.30 -0.7052  0.1778   1.0000  0.8150  0.7656  0.0493  0.1850    0.178    0.167    3.168      4.57996168
Kb  1.30 -0.7052  0.1995   1.0000  0.8105  0.7599  0.0506  0.1895    0.192    0.180    3.256      4.22472867
Kb  1.30 -0.7052  0.2239   1.0000  0.8061  0.7541  0.0520  0.1939    0.206    0.193    3.341      3.90385398
Kb  1.30 -0.7052  0.2512   1.0000  0.8018  0.7485  0.0533  0.1982    0.227    0.212    3.448      3.53740088
Kb  1.30 -0.7052  0.2818   1.0000  0.7976  0.7430  0.0547  0.2024    0.242    0.225    3.523      3.30262673
Kb  1.30 -0.7052  0.3162   1.0000  0.7936  0.7376  0.0560  0.2064    0.261    0.242    3.611      3.04512650
Kb  1.30 -0.7052  0.3548   1.0000  0.7895  0.7320  0.0575  0.2105    0.284    0.264    3.711      2.77780708
Kb  1.30 -0.7052  0.3981   1.0000  0.7855  0.7265  0.0589  0.2145    0.308    0.285    3.804      2.54953802
Kb  1.30 -0.7052  0.4467   1.0000  0.7816  0.7213  0.0603  0.2184    0.331    0.305    3.887      2.36163323
Kb  1.30 -0.7052  0.5012   1.0000  0.7777  0.7160  0.0617  0.2223    0.358    0.329    3.976      2.17496034
Kb  1.30 -0.7052  0.5623   1.0000  0.7738  0.7106  0.0632  0.2262    0.385    0.353    4.062      2.01040635
Kb  1.30 -0.7052  0.6310   1.0000  0.7699  0.7052  0.0647  0.2301    0.414    0.379    4.145      1.86176815
Kb  1.30 -0.7052  0.7079   1.0000  0.7659  0.6996  0.0662  0.2341    0.446    0.408    4.233      1.71643997
Kb  1.30 -0.7052  0.7943   1.0000  0.7619  0.6940  0.0679  0.2381    0.481    0.438    4.320      1.58498224
Kb  1.30 -0.7052  0.8913   1.0000  0.7579  0.6883  0.0696  0.2421    0.518    0.471    4.408      1.46181588
Kb  1.30 -0.7052  1.0000   1.0000  0.7539  0.6825  0.0713  0.2461    0.563    0.510    4.503      1.33919384
Kb  1.30 -0.7052  1.1220   1.0000  0.7498  0.6766  0.0732  0.2502    0.608    0.549    4.593      1.23309712
Kb  1.30 -0.7052  1.2589   1.0000  0.7459  0.6708  0.0751  0.2541    0.630    0.567    4.637      1.18308384
Kb  1.30 -0.7052  1.4125   1.0000  0.7418  0.6647  0.0771  0.2582    0.617    0.552    4.619      1.20319088
Kb  1.30 -0.7052  1.5849   1.0000  0.7340  0.6527  0.0812  0.2660    0.771    0.686    4.874      0.95181996
Kb  1.30 -0.7052  1.7783   1.0000  0.7300  0.6465  0.0835  0.2700    0.877    0.777    5.019      0.83236038
Kb  1.30 -0.7052  1.9953   1.0000  0.7265  0.6408  0.0857  0.2735    0.966    0.852    5.129      0.75245117
Kb  1.30 -0.7052  2.2387   1.0000  0.7231  0.6352  0.0880  0.2769    1.045    0.918    5.220      0.69166157
Kb  1.30 -0.7052  2.5119   1.0000  0.7195  0.6291  0.0904  0.2805    1.144    1.000    5.323      0.62915147
Kb  1.30 -0.7052  2.8184   1.0000  0.7158  0.6229  0.0929  0.2842    1.248    1.086    5.423      0.57361205
Kb  1.30 -0.7052  3.1623   1.0000  0.7128  0.6175  0.0953  0.2872    1.358    1.177    5.520      0.52484896
Kb  1.30 -0.7052  3.5481   1.0000  0.7100  0.6124  0.0976  0.2900    1.473    1.271    5.613      0.48192840
Kb  1.30 -0.7052  3.9811   1.0000  0.7070  0.6069  0.1002  0.2930    1.599    1.372    5.706      0.44230378
Kb  1.30 -0.7052  4.4668   1.0000  0.7043  0.6015  0.1027  0.2957    1.776    1.517    5.824      0.39650037
Kb  1.30 -0.7052  5.0119   1.0000  0.7013  0.5958  0.1054  0.2987    1.928    1.638    5.918      0.36368929
Kb  1.30 -0.7052  5.6234   1.0000  0.6985  0.5903  0.1082  0.3015    2.168    1.832    6.050      0.32216296
Kb  1.30 -0.7052  6.3096   1.0000  0.6961  0.5853  0.1108  0.3039    2.350    1.976    6.141      0.29616963
Kb  1.30 -0.7052  7.0795   1.0000  0.6936  0.5801  0.1135  0.3064    2.548    2.131    6.233      0.27224180
Kb  1.30 -0.7052  7.9433   1.0000  0.6912  0.5748  0.1164  0.3088    2.784    2.315    6.333      0.24827101
Kb  1.30 -0.7052  8.9125   1.0000  0.6889  0.5697  0.1193  0.3111    2.993    2.475    6.415      0.23014784
Kb  1.30 -0.7052 10.0000   1.0000  0.6866  0.5643  0.1223  0.3134    3.212    2.640    6.495      0.21374110
Kb  1.30 -0.7052 11.2202   1.0000  0.6844  0.5588  0.1256  0.3156    3.435    2.805    6.572      0.19922777
Kb  1.30 -0.7052 12.5893   1.0000  0.6823  0.5532  0.1291  0.3177    3.665    2.972    6.645      0.18614065
Kb  1.30 -0.7052 14.1254   1.0000  0.6802  0.5474  0.1328  0.3198    3.902    3.140    6.717      0.17432998
Kb  1.30 -0.7052 15.8489   1.0000  0.6767  0.5415  0.1352  0.3233    4.166    3.334    6.793      0.16241655
Kb  1.30 -0.7052 17.7828   1.0000  0.6714  0.5354  0.1360  0.3286    4.446    3.545    6.872      0.15101796
Kb  1.30 -0.3960  0.0631   1.0000  0.8546  0.8171  0.0374  0.1454    0.117    0.112    2.664      7.28270757
Kb  1.30 -0.3960  0.0708   1.0000  0.8501  0.8114  0.0387  0.1499    0.124    0.119    2.732      6.84267118
Kb  1.30 -0.3960  0.0794   1.0000  0.8460  0.8061  0.0399  0.1540    0.134    0.127    2.816      6.33200292
Kb  1.30 -0.3960  0.0891   1.0000  0.8421  0.8010  0.0411  0.1579    0.141    0.135    2.883      5.95354310
Kb  1.30 -0.3960  0.1000   1.0000  0.8380  0.7955  0.0426  0.1620    0.150    0.142    2.951      5.59317921
Kb  1.30 -0.3960  0.1122   1.0000  0.8340  0.7899  0.0440  0.1660    0.159    0.151    3.022      5.24007080
Kb  1.30 -0.3960  0.1259   1.0000  0.8303  0.7851  0.0451  0.1697    0.161    0.152    3.038      5.16141251
Kb  1.30 -0.3960  0.1413   1.0000  0.8259  0.7796  0.0464  0.1741    0.172    0.162    3.117      4.79871430
Kb  1.30 -0.3960  0.1585   1.0000  0.8217  0.7741  0.0476  0.1783    0.185    0.174    3.200      4.44476250
Kb  1.30 -0.3960  0.1778   1.0000  0.8177  0.7688  0.0488  0.1823    0.198    0.187    3.282      4.12213266
Kb  1.30 -0.3960  0.1995   1.0000  0.8136  0.7634  0.0501  0.1864    0.216    0.203    3.380      3.76830871
Kb  1.30 -0.3960  0.2239   1.0000  0.8096  0.7582  0.0515  0.1904    0.232    0.217    3.464      3.48783684
Kb  1.30 -0.3960  0.2512   1.0000  0.8058  0.7529  0.0528  0.1942    0.252    0.236    3.560      3.19123175
Kb  1.30 -0.3960  0.2818   1.0000  0.8018  0.7476  0.0543  0.1982    0.276    0.257    3.661      2.90896670
Kb  1.30 -0.3960  0.3162   1.0000  0.7982  0.7425  0.0556  0.2018    0.297    0.276    3.745      2.69184675
Kb  1.30 -0.3960  0.3548   1.0000  0.7944  0.7372  0.0571  0.2056    0.319    0.297    3.831      2.48639212
Kb  1.30 -0.3960  0.3981   1.0000  0.7908  0.7322  0.0586  0.2092    0.345    0.319    3.919      2.29364291
Kb  1.30 -0.3960  0.4467   1.0000  0.7872  0.7270  0.0602  0.2128    0.370    0.342    4.002      2.12476865
Kb  1.30 -0.3960  0.5012   1.0000  0.7837  0.7220  0.0617  0.2163    0.400    0.368    4.090      1.95944713
Kb  1.30 -0.3960  0.5623   1.0000  0.7800  0.7168  0.0633  0.2200    0.433    0.398    4.181      1.80173907
Kb  1.30 -0.3960  0.6310   1.0000  0.7765  0.7116  0.0648  0.2235    0.468    0.429    4.270      1.65936654
Kb  1.30 -0.3960  0.7079   1.0000  0.7727  0.7061  0.0665  0.2273    0.501    0.458    4.350      1.54175313
Kb  1.30 -0.3960  0.7943   1.0000  0.7688  0.7006  0.0683  0.2312    0.547    0.498    4.450      1.40545856
Kb  1.30 -0.3960  0.8913   1.0000  0.7651  0.6951  0.0700  0.2349    0.597    0.543    4.551      1.28079515
Kb  1.30 -0.3960  1.0000   1.0000  0.7611  0.6892  0.0719  0.2389    0.646    0.585    4.641      1.17871751
Kb  1.30 -0.3960  1.1220   1.0000  0.7572  0.6834  0.0738  0.2428    0.698    0.630    4.732      1.08421546
Kb  1.30 -0.3960  1.2589   1.0000  0.7532  0.6774  0.0759  0.2468    0.686    0.617    4.719      1.09792710
Kb  1.30 -0.3960  1.4125   1.0000  0.7451  0.6648  0.0803  0.2549    0.834    0.744    4.943      0.89325641
Kb  1.30 -0.3960  1.5849   1.0000  0.7405  0.6576  0.0829  0.2595    0.946    0.840    5.086      0.78243982
Kb  1.30 -0.3960  1.7783   1.0000  0.7367  0.6514  0.0852  0.2633    1.057    0.935    5.212      0.69689159
Kb  1.30 -0.3960  1.9953   1.0000  0.7334  0.6459  0.0874  0.2666    1.168    1.028    5.325      0.62807437
Kb  1.30 -0.3960  2.2387   1.0000  0.7300  0.6404  0.0897  0.2700    1.282    1.124    5.431      0.56948004
Kb  1.30 -0.3960  2.5119   1.0000  0.7266  0.6346  0.0920  0.2734    1.396    1.219    5.529      0.52042386
Kb  1.30 -0.3960  2.8184   1.0000  0.7234  0.6290  0.0944  0.2766    1.531    1.331    5.634      0.47238036
Kb  1.30 -0.3960  3.1623   1.0000  0.7204  0.6235  0.0969  0.2796    1.695    1.467    5.749      0.42511866
Kb  1.30 -0.3960  3.5481   1.0000  0.7175  0.6183  0.0993  0.2825    1.823    1.571    5.832      0.39359262
Kb  1.30 -0.3960  3.9811   1.0000  0.7147  0.6130  0.1018  0.2853    1.971    1.690    5.921      0.36261347
Kb  1.30 -0.3960  4.4668   1.0000  0.7117  0.6072  0.1045  0.2883    2.145    1.830    6.018      0.33173962
Kb  1.30 -0.3960  5.0119   1.0000  0.7087  0.6014  0.1073  0.2913    2.393    2.031    6.141      0.29614600
Kb  1.30 -0.3960  5.6234   1.0000  0.7061  0.5960  0.1101  0.2939    2.605    2.199    6.238      0.27101698
Kb  1.30 -0.3960  6.3096   1.0000  0.7037  0.5909  0.1128  0.2963    2.909    2.443    6.361      0.24192603
Kb  1.30 -0.3960  7.0795   1.0000  0.7017  0.5863  0.1154  0.2983    3.242    2.709    6.482      0.21645360
Kb  1.30 -0.3960  7.9433   1.0000  0.6996  0.5816  0.1180  0.3004    3.528    2.933    6.577      0.19831599
Kb  1.30 -0.3960  8.9125   1.0000  0.6973  0.5766  0.1208  0.3027    3.794    3.137    6.659      0.18381795
Kb  1.30 -0.3960 10.0000   1.0000  0.6951  0.5714  0.1237  0.3049    4.047    3.327    6.733      0.17177486
Kb  1.30 -0.3960 11.2202   1.0000  0.6931  0.5662  0.1268  0.3069    4.287    3.503    6.799      0.16165290
Kb  1.30 -0.3960 12.5893   1.0000  0.6912  0.5610  0.1301  0.3088    4.605    3.738    6.879      0.15007715
Kb  1.30 -0.3960 14.1254   1.0000  0.6893  0.5556  0.1336  0.3107    4.972    4.008    6.965      0.13863588
Kb  1.30 -0.3960 15.8489   1.0000  0.6873  0.5499  0.1374  0.3127    5.467    4.374    7.071      0.12572939
Kb  1.30 -0.3960 17.7828   1.0000  0.6840  0.5443  0.1397  0.3160    5.727    4.557    7.127      0.11943984
Kb  1.30  0.0000  0.0631   1.0000  0.8543  0.8168  0.0375  0.1457    0.126    0.120    2.742      6.78193176
Kb  1.30  0.0000  0.0708   1.0000  0.8504  0.8118  0.0386  0.1496    0.135    0.129    2.823      6.29195275
Kb  1.30  0.0000  0.0794   1.0000  0.8465  0.8067  0.0398  0.1535    0.147    0.140    2.919      5.75831711
Kb  1.30  0.0000  0.0891   1.0000  0.8426  0.8017  0.0410  0.1574    0.155    0.148    2.985      5.42238480
Kb  1.30  0.0000  0.1000   1.0000  0.8389  0.7967  0.0422  0.1611    0.165    0.157    3.057      5.07310481
Kb  1.30  0.0000  0.1122   1.0000  0.8353  0.7917  0.0435  0.1647    0.176    0.167    3.131      4.73595896
Kb  1.30  0.0000  0.1259   1.0000  0.8317  0.7870  0.0448  0.1683    0.188    0.178    3.208      4.41511532
Kb  1.30  0.0000  0.1413   1.0000  0.8278  0.7820  0.0458  0.1722    0.202    0.190    3.287      4.10499000
Kb  1.30  0.0000  0.1585   1.0000  0.8240  0.7770  0.0470  0.1760    0.218    0.206    3.378      3.77399487
Kb  1.30  0.0000  0.1778   1.0000  0.8203  0.7722  0.0481  0.1797    0.235    0.221    3.462      3.49171842
Kb  1.30  0.0000  0.1995   1.0000  0.8164  0.7671  0.0493  0.1836    0.251    0.236    3.541      3.24697265
Kb  1.30  0.0000  0.2239   1.0000  0.8132  0.7628  0.0504  0.1868    0.272    0.256    3.633      2.98436515
Kb  1.30  0.0000  0.2512   1.0000  0.8099  0.7584  0.0515  0.1901    0.294    0.275    3.719      2.75570253
Kb  1.30  0.0000  0.2818   1.0000  0.8063  0.7534  0.0529  0.1937    0.317    0.296    3.805      2.54609434
Kb  1.30  0.0000  0.3162   1.0000  0.8027  0.7484  0.0543  0.1973    0.341    0.318    3.891      2.35184787
Kb  1.30  0.0000  0.3548   1.0000  0.7989  0.7431  0.0558  0.2011    0.366    0.340    3.971      2.18503960
Kb  1.30  0.0000  0.3981   1.0000  0.7956  0.7383  0.0573  0.2044    0.396    0.367    4.062      2.00984034
Kb  1.30  0.0000  0.4467   1.0000  0.7923  0.7335  0.0588  0.2077    0.428    0.396    4.150      1.85327457
Kb  1.30  0.0000  0.5012   1.0000  0.7890  0.7286  0.0604  0.2110    0.463    0.428    4.242      1.70247339
Kb  1.30  0.0000  0.5623   1.0000  0.7857  0.7237  0.0620  0.2143    0.507    0.467    4.345      1.54879809
Kb  1.30  0.0000  0.6310   1.0000  0.7822  0.7186  0.0636  0.2178    0.559    0.513    4.454      1.40032965
Kb  1.30  0.0000  0.7079   1.0000  0.7788  0.7136  0.0652  0.2212    0.614    0.563    4.562      1.26860218
Kb  1.30  0.0000  0.7943   1.0000  0.7753  0.7084  0.0669  0.2247    0.672    0.614    4.665      1.15393862
Kb  1.30  0.0000  0.8913   1.0000  0.7716  0.7030  0.0687  0.2284    0.737    0.671    4.770      1.04735208
Kb  1.30  0.0000  1.0000   1.0000  0.7681  0.6976  0.0705  0.2319    0.810    0.736    4.878      0.94781128
Kb  1.30  0.0000  1.1220   1.0000  0.7644  0.6920  0.0725  0.2356    0.881    0.798    4.974      0.86756432
Kb  1.30  0.0000  1.2589   1.0000  0.7608  0.6863  0.0745  0.2392    0.921    0.831    5.027      0.82618394
Kb  1.30  0.0000  1.4125   1.0000  0.7572  0.6805  0.0767  0.2428    0.950    0.854    5.066      0.79711186
Kb  1.30  0.0000  1.5849   1.0000  0.7500  0.6690  0.0810  0.2500    1.162    1.037    5.296      0.64527796
Kb  1.30  0.0000  1.7783   1.0000  0.7461  0.6624  0.0836  0.2539    1.316    1.168    5.436      0.56709760
Kb  1.30  0.0000  1.9953   1.0000  0.7426  0.6565  0.0861  0.2574    1.487    1.314    5.574      0.49945757
Kb  1.30  0.0000  2.2387   1.0000  0.7392  0.6508  0.0884  0.2608    1.644    1.448    5.688      0.44959899
Kb  1.30  0.0000  2.5119   1.0000  0.7360  0.6453  0.0908  0.2640    1.815    1.591    5.800      0.40550375
Kb  1.30  0.0000  2.8184   1.0000  0.7328  0.6397  0.0931  0.2672    2.016    1.760    5.919      0.36354035
Kb  1.30  0.0000  3.1623   1.0000  0.7300  0.6345  0.0955  0.2700    2.229    1.937    6.032      0.32750627
Kb  1.30  0.0000  3.5481   1.0000  0.7272  0.6293  0.0978  0.2728    2.444    2.116    6.136      0.29749359
Kb  1.30  0.0000  3.9811   1.0000  0.7241  0.6237  0.1004  0.2759    2.696    2.323    6.247      0.26854915
Kb  1.30  0.0000  4.4668   1.0000  0.7210  0.6180  0.1030  0.2790    2.875    2.464    6.322      0.25079171
Kb  1.30  0.0000  5.0119   1.0000  0.7186  0.6130  0.1055  0.2814    3.117    2.659    6.413      0.23055019
Kb  1.30  0.0000  5.6234   1.0000  0.7163  0.6082  0.1081  0.2837    3.427    2.909    6.519      0.20903981
Kb  1.30  0.0000  6.3096   1.0000  0.7140  0.6031  0.1109  0.2860    3.933    3.322    6.672      0.18156051
Kb  1.30  0.0000  7.0795   1.0000  0.7117  0.5982  0.1136  0.2883    4.274    3.592    6.766      0.16650900
Kb  1.30  0.0000  7.9433   1.0000  0.7096  0.5933  0.1163  0.2904    4.668    3.903    6.865      0.15202519
Kb  1.30  0.0000  8.9125   1.0000  0.7077  0.5887  0.1190  0.2923    5.061    4.210    6.956      0.13984682
Kb  1.30  0.0000 10.0000   1.0000  0.7057  0.5839  0.1219  0.2943    5.489    4.541    7.047      0.12857520
Kb  1.30  0.0000 11.2202   1.0000  0.7037  0.5788  0.1249  0.2963    5.942    4.887    7.136      0.11843427
Kb  1.30  0.0000 12.5893   1.0000  0.7016  0.5736  0.1280  0.2984    6.430    5.257    7.225      0.10911483
Kb  1.30  0.0000 14.1254   1.0000  0.6997  0.5684  0.1313  0.3003    6.889    5.596    7.303      0.10156399
Kb  1.30  0.0000 15.8489   1.0000  0.6976  0.5628  0.1348  0.3024    7.395    5.966    7.383      0.09433143
Kb  1.30  0.0000 17.7828   1.0000  0.6956  0.5571  0.1385  0.3044    7.980    6.391    7.469      0.08717057
Kb  1.30  0.2223  0.0631   1.0000  0.8518  0.8136  0.0382  0.1482    0.146    0.140    2.907      5.82614617
Kb  1.30  0.2223  0.0708   1.0000  0.8479  0.8086  0.0393  0.1521    0.155    0.148    2.975      5.47133096
Kb  1.30  0.2223  0.0794   1.0000  0.8445  0.8041  0.0404  0.1555    0.164    0.156    3.042      5.14423232
Kb  1.30  0.2223  0.0891   1.0000  0.8409  0.7994  0.0416  0.1591    0.173    0.164    3.100      4.87341986
Kb  1.30  0.2223  0.1000   1.0000  0.8372  0.7944  0.0428  0.1628    0.182    0.172    3.161      4.60967109
Kb  1.30  0.2223  0.1122   1.0000  0.8339  0.7898  0.0441  0.1661    0.194    0.183    3.235      4.30652176
Kb  1.30  0.2223  0.1259   1.0000  0.8303  0.7851  0.0452  0.1697    0.206    0.195    3.306      4.03330353
Kb  1.30  0.2223  0.1413   1.0000  0.8264  0.7802  0.0462  0.1736    0.220    0.207    3.381      3.76376056
Kb  1.30  0.2223  0.1585   1.0000  0.8227  0.7754  0.0473  0.1773    0.235    0.221    3.459      3.50226310
Kb  1.30  0.2223  0.1778   1.0000  0.8191  0.7707  0.0484  0.1809    0.251    0.236    3.536      3.26395564
Kb  1.30  0.2223  0.1995   1.0000  0.8156  0.7661  0.0495  0.1844    0.271    0.254    3.623      3.01263814
Kb  1.30  0.2223  0.2239   1.0000  0.8121  0.7614  0.0507  0.1879    0.290    0.272    3.701      2.80301586
Kb  1.30  0.2223  0.2512   1.0000  0.8087  0.7568  0.0519  0.1913    0.312    0.292    3.785      2.59326875
Kb  1.30  0.2223  0.2818   1.0000  0.8053  0.7521  0.0532  0.1947    0.336    0.314    3.871      2.39694990
Kb  1.30  0.2223  0.3162   1.0000  0.8019  0.7473  0.0546  0.1981    0.362    0.338    3.958      2.21286933
Kb  1.30  0.2223  0.3548   1.0000  0.7987  0.7427  0.0559  0.2013    0.391    0.364    4.045      2.04158324
Kb  1.30  0.2223  0.3981   1.0000  0.7956  0.7382  0.0574  0.2044    0.427    0.397    4.145      1.86154180
Kb  1.30  0.2223  0.4467   1.0000  0.7923  0.7335  0.0588  0.2077    0.466    0.431    4.244      1.70002917
Kb  1.30  0.2223  0.5012   1.0000  0.7890  0.7286  0.0604  0.2110    0.508    0.469    4.341      1.55465438
Kb  1.30  0.2223  0.5623   1.0000  0.7856  0.7236  0.0620  0.2144    0.557    0.513    4.446      1.41102696
Kb  1.30  0.2223  0.6310   1.0000  0.7823  0.7187  0.0636  0.2177    0.612    0.562    4.553      1.27897276
Kb  1.30  0.2223  0.7079   1.0000  0.7790  0.7138  0.0651  0.2210    0.677    0.620    4.667      1.15124762
Kb  1.30  0.2223  0.7943   1.0000  0.7756  0.7089  0.0667  0.2244    0.747    0.683    4.780      1.03772726
Kb  1.30  0.2223  0.8913   1.0000  0.7721  0.7037  0.0685  0.2279    0.824    0.751    4.891      0.93692577
Kb  1.30  0.2223  1.0000   1.0000  0.7685  0.6982  0.0703  0.2315    0.899    0.817    4.990      0.85473046
Kb  1.30  0.2223  1.1220   1.0000  0.7653  0.6932  0.0721  0.2347    0.991    0.897    5.100      0.77249681
Kb  1.30  0.2223  1.2589   1.0000  0.7618  0.6878  0.0740  0.2382    1.068    0.964    5.187      0.71347692
Kb  1.30  0.2223  1.4125   1.0000  0.7582  0.6820  0.0762  0.2418    1.095    0.985    5.220      0.69214488
Kb  1.30  0.2223  1.5849   1.0000  0.7529  0.6736  0.0793  0.2471    1.179    1.055    5.307      0.63848425
Kb  1.30  0.2223  1.7783   1.0000  0.7475  0.6648  0.0827  0.2525    1.499    1.333    5.575      0.49866019
Kb  1.30  0.2223  1.9953   1.0000  0.7437  0.6585  0.0852  0.2563    1.689    1.496    5.711      0.44022919
Kb  1.30  0.2223  2.2387   1.0000  0.7402  0.6526  0.0876  0.2598    1.874    1.652    5.829      0.39500039
Kb  1.30  0.2223  2.5119   1.0000  0.7371  0.6472  0.0899  0.2629    2.104    1.847    5.959      0.35035434
Kb  1.30  0.2223  2.8184   1.0000  0.7341  0.6419  0.0922  0.2659    2.341    2.047    6.079      0.31351766
Kb  1.30  0.2223  3.1623   1.0000  0.7310  0.6364  0.0946  0.2690    2.563    2.232    6.182      0.28518436
Kb  1.30  0.2223  3.5481   1.0000  0.7278  0.6308  0.0970  0.2722    2.770    2.401    6.271      0.26275503
Kb  1.30  0.2223  3.9811   1.0000  0.7252  0.6258  0.0994  0.2748    3.071    2.650    6.387      0.23612002
Kb  1.30  0.2223  4.4668   1.0000  0.7227  0.6209  0.1018  0.2773    3.336    2.866    6.481      0.21660336
Kb  1.30  0.2223  5.0119   1.0000  0.7198  0.6154  0.1044  0.2802    3.616    3.092    6.573      0.19905492
Kb  1.30  0.2223  5.6234   1.0000  0.7169  0.6097  0.1072  0.2831    3.965    3.372    6.677      0.18081084
Kb  1.30  0.2223  6.3096   1.0000  0.7144  0.6046  0.1099  0.2856    4.449    3.765    6.806      0.16058565
Kb  1.30  0.2223  7.0795   1.0000  0.7125  0.6001  0.1124  0.2875    4.889    4.117    6.911      0.14574135
Kb  1.30  0.2223  7.9433   1.0000  0.7104  0.5953  0.1151  0.2896    5.334    4.470    7.009      0.13318160
Kb  1.30  0.2223  8.9125   1.0000  0.7081  0.5901  0.1180  0.2919    5.806    4.839    7.104      0.12196066
Kb  1.30  0.2223 10.0000   1.0000  0.7060  0.5850  0.1209  0.2940    6.303    5.223    7.197      0.11199945
Kb  1.30  0.2223 11.2202   1.0000  0.7040  0.5801  0.1239  0.2960    6.816    5.617    7.285      0.10328639
Kb  1.30  0.2223 12.5893   1.0000  0.7021  0.5753  0.1269  0.2979    7.415    6.075    7.379      0.09469145
Kb  1.30  0.2223 14.1254   1.0000  0.7001  0.5701  0.1300  0.2999    8.016    6.527    7.467      0.08734497
Kb  1.30  0.2223 15.8489   1.0000  0.6984  0.5651  0.1333  0.3016    8.736    7.069    7.563      0.07994397
Kb  1.30  0.2223 17.7828   1.0000  0.6966  0.5598  0.1368  0.3034    9.490    7.627    7.656      0.07339924
