Ch  1.30 -2.2653  0.0300   1.0000  0.8308  0.7861  0.0447  0.1692    0.088    0.083    2.380      9.46626225
Ch  1.30 -2.2653  0.0400   1.0000  0.8147  0.7668  0.0479  0.1853    0.099    0.093    2.528      8.25515458
Ch  1.30 -2.2653  0.0500   1.0000  0.8028  0.7520  0.0508  0.1972    0.109    0.102    2.652      7.36400677
Ch  1.30 -2.2653  0.0600   1.0000  0.7936  0.7403  0.0533  0.2064    0.116    0.108    2.729      6.86178754
Ch  1.30 -2.2653  0.0700   1.0000  0.7861  0.7305  0.0556  0.2139    0.123    0.114    2.803      6.41164859
Ch  1.30 -2.2653  0.0800   1.0000  0.7799  0.7223  0.0576  0.2201    0.122    0.113    2.802      6.41521177
Ch  1.30 -2.2653  0.0900   1.0000  0.7744  0.7149  0.0595  0.2256    0.119    0.110    2.786      6.51299707
Ch  1.30 -2.2653  0.1000   1.0000  0.7695  0.7082  0.0614  0.2305    0.102    0.094    2.625      7.55376532
Ch  1.30 -2.2653  0.1500   1.0000  0.7422  0.6734  0.0688  0.2578    0.129    0.117    2.922      5.74489867
Ch  1.30 -2.2653  0.2000   1.0000  0.7265  0.6529  0.0736  0.2735    0.143    0.128    3.052      5.09350777
Ch  1.30 -2.2653  0.2500   1.0000  0.7141  0.6364  0.0777  0.2859    0.156    0.139    3.166      4.58636306
Ch  1.30 -2.2653  0.3000   1.0000  0.7040  0.6227  0.0813  0.2960    0.170    0.150    3.276      4.14637904
Ch  1.30 -2.2653  0.3500   1.0000  0.6955  0.6112  0.0843  0.3045    0.180    0.158    3.350      3.87094471
Ch  1.30 -2.2653  0.4000   1.0000  0.6881  0.6011  0.0870  0.3119    0.190    0.166    3.424      3.61727302
Ch  1.30 -2.2653  0.4500   1.0000  0.6816  0.5921  0.0895  0.3184    0.201    0.175    3.495      3.38712945
Ch  1.30 -2.2653  0.5000   1.0000  0.6759  0.5842  0.0917  0.3241    0.210    0.181    3.549      3.22432683
Ch  1.30 -2.2653  0.6000   1.0000  0.6663  0.5706  0.0957  0.3337    0.229    0.196    3.662      2.90571146
Ch  1.30 -2.2653  0.7000   1.0000  0.6583  0.5590  0.0992  0.3417    0.252    0.214    3.779      2.60817844
Ch  1.30 -2.2653  0.8000   1.0000  0.6515  0.5492  0.1023  0.3485    0.264    0.223    3.841      2.46361531
Ch  1.30 -2.2653  0.9000   1.0000  0.6448  0.5394  0.1055  0.3552    0.260    0.217    3.833      2.48284546
Ch  1.30 -2.2653  1.0000   1.0000  0.6381  0.5293  0.1089  0.3619    0.273    0.227    3.899      2.33498995
Ch  1.30 -2.2653  1.2500   1.0000  0.6261  0.5107  0.1154  0.3739    0.343    0.280    4.167      1.82503178
Ch  1.30 -2.2653  1.5000   1.0000  0.6173  0.4966  0.1207  0.3827    0.405    0.326    4.364      1.52236047
Ch  1.30 -2.2653  1.7500   1.0000  0.6109  0.4859  0.1250  0.3891    0.452    0.359    4.493      1.35190204
Ch  1.30 -2.2653  2.0000   1.0000  0.6054  0.4766  0.1289  0.3946    0.491    0.387    4.594      1.23191513
Ch  1.30 -2.2653  2.2500   1.0000  0.6007  0.4682  0.1324  0.3993    0.536    0.418    4.696      1.12131860
Ch  1.30 -2.2653  2.5000   1.0000  0.5966  0.4609  0.1356  0.4034    0.583    0.450    4.795      1.02327810
Ch  1.30 -2.2653  2.7500   1.0000  0.5930  0.4544  0.1386  0.4070    0.619    0.474    4.866      0.95836139
Ch  1.30 -2.2653  3.0000   1.0000  0.5897  0.4484  0.1413  0.4103    0.660    0.502    4.942      0.89355744
Ch  1.30 -2.2653  3.2500   1.0000  0.5869  0.4430  0.1439  0.4131    0.697    0.526    5.006      0.84224494
Ch  1.30 -2.2653  3.5000   1.0000  0.5843  0.4379  0.1463  0.4157    0.731    0.548    5.063      0.79945871
Ch  1.30 -2.2653  3.7500   1.0000  0.5818  0.4332  0.1486  0.4182    0.766    0.570    5.118      0.75975159
Ch  1.30 -2.2653  4.0000   1.0000  0.5796  0.4287  0.1508  0.4204    0.808    0.598    5.181      0.71703576
Ch  1.30 -2.2653  4.5000   1.0000  0.5756  0.4208  0.1548  0.4244    0.883    0.646    5.285      0.65158522
Ch  1.30 -2.2653  5.0000   1.0000  0.5722  0.4136  0.1586  0.4278    0.954    0.690    5.375      0.59978334
Ch  1.30 -2.2653  5.5000   1.0000  0.5691  0.4070  0.1621  0.4309    1.028    0.735    5.462      0.55345362
Ch  1.30 -2.2653  6.0000   1.0000  0.5665  0.4012  0.1653  0.4335    1.116    0.790    5.556      0.50767971
Ch  1.30 -2.2653  6.5000   1.0000  0.5641  0.3959  0.1683  0.4359    1.182    0.830    5.623      0.47717604
Ch  1.30 -2.2653  7.0000   1.0000  0.5620  0.3910  0.1710  0.4380    1.249    0.869    5.687      0.45009997
Ch  1.30 -2.2653  7.5000   1.0000  0.5601  0.3864  0.1737  0.4399    1.315    0.907    5.747      0.42581119
Ch  1.30 -2.2653  8.0000   1.0000  0.5584  0.3821  0.1763  0.4416    1.382    0.946    5.804      0.40390557
Ch  1.30 -2.2653  8.5000   1.0000  0.5569  0.3781  0.1788  0.4431    1.437    0.976    5.849      0.38747719
Ch  1.30 -2.2653  9.0000   1.0000  0.5555  0.3743  0.1812  0.4445    1.496    1.008    5.896      0.37133756
Ch  1.30 -2.2653  9.5000   1.0000  0.5542  0.3707  0.1835  0.4458    1.555    1.040    5.940      0.35637453
Ch  1.30 -2.2653 10.0000   1.0000  0.5530  0.3673  0.1857  0.4470    1.619    1.075    5.986      0.34157045
Ch  1.30 -2.2653 10.5000   1.0000  0.5519  0.3641  0.1878  0.4481    1.685    1.112    6.032      0.32744835
Ch  1.30 -2.2653 11.0000   1.0000  0.5489  0.3610  0.1880  0.4511    1.746    1.148    6.077      0.31431480
Ch  1.30 -2.2653 11.5000   1.0000  0.5460  0.3580  0.1880  0.4540    1.807    1.185    6.120      0.30209934
Ch  1.30 -2.2653 12.0000   1.0000  0.5432  0.3552  0.1880  0.4568    1.869    1.222    6.162      0.29066621
Ch  1.30 -2.2653 12.5000   1.0000  0.5403  0.3525  0.1878  0.4597    1.942    1.267    6.209      0.27828533
Ch  1.30 -2.2653 13.0000   1.0000  0.5375  0.3500  0.1876  0.4625    2.005    1.306    6.249      0.26804081
Ch  1.30 -2.2653 13.5000   1.0000  0.5347  0.3475  0.1872  0.4653    2.064    1.341    6.287      0.25905925
Ch  1.30 -2.2653 14.0000   1.0000  0.5320  0.3452  0.1868  0.4680    2.124    1.378    6.323      0.25045111
Ch  1.30 -1.7880  0.0300   1.0000  0.8298  0.7850  0.0448  0.1702    0.070    0.066    2.137     11.84007811
Ch  1.30 -1.7880  0.0400   1.0000  0.8137  0.7656  0.0481  0.1863    0.079    0.075    2.295     10.23703554
Ch  1.30 -1.7880  0.0500   1.0000  0.8018  0.7508  0.0510  0.1982    0.089    0.083    2.428      9.04901868
Ch  1.30 -1.7880  0.0600   1.0000  0.7925  0.7388  0.0536  0.2075    0.096    0.089    2.526      8.27078413
Ch  1.30 -1.7880  0.0700   1.0000  0.7849  0.7290  0.0559  0.2151    0.101    0.094    2.597      7.74516380
Ch  1.30 -1.7880  0.0800   1.0000  0.7787  0.7206  0.0580  0.2213    0.103    0.095    2.619      7.59449756
Ch  1.30 -1.7880  0.0900   1.0000  0.7731  0.7131  0.0600  0.2269    0.101    0.093    2.607      7.67459369
Ch  1.30 -1.7880  0.1000   1.0000  0.7678  0.7060  0.0618  0.2322    0.098    0.090    2.582      7.85567539
Ch  1.30 -1.7880  0.1500   1.0000  0.7433  0.6749  0.0685  0.2567    0.119    0.108    2.834      6.22862484
Ch  1.30 -1.7880  0.2000   1.0000  0.7278  0.6547  0.0731  0.2722    0.136    0.122    2.998      5.35366053
Ch  1.30 -1.7880  0.2500   1.0000  0.7157  0.6385  0.0772  0.2843    0.150    0.134    3.121      4.78190019
Ch  1.30 -1.7880  0.3000   1.0000  0.7057  0.6250  0.0807  0.2943    0.166    0.147    3.247      4.25844304
Ch  1.30 -1.7880  0.3500   1.0000  0.6975  0.6138  0.0836  0.3025    0.177    0.156    3.332      3.93605552
Ch  1.30 -1.7880  0.4000   1.0000  0.6902  0.6039  0.0862  0.3098    0.189    0.165    3.415      3.64911438
Ch  1.30 -1.7880  0.4500   1.0000  0.6837  0.5951  0.0887  0.3163    0.204    0.177    3.505      3.35833869
Ch  1.30 -1.7880  0.5000   1.0000  0.6781  0.5873  0.0908  0.3219    0.215    0.186    3.572      3.15758997
Ch  1.30 -1.7880  0.6000   1.0000  0.6686  0.5738  0.0947  0.3314    0.239    0.205    3.704      2.79517124
Ch  1.30 -1.7880  0.7000   1.0000  0.6606  0.5624  0.0982  0.3394    0.264    0.225    3.825      2.50090204
Ch  1.30 -1.7880  0.8000   1.0000  0.6538  0.5526  0.1012  0.3462    0.278    0.235    3.893      2.34918794
Ch  1.30 -1.7880  0.9000   1.0000  0.6478  0.5438  0.1040  0.3522    0.265    0.222    3.848      2.44706503
Ch  1.30 -1.7880  1.0000   1.0000  0.6408  0.5334  0.1075  0.3592    0.278    0.231    3.912      2.30790483
Ch  1.30 -1.7880  1.2500   1.0000  0.6277  0.5132  0.1145  0.3723    0.344    0.281    4.167      1.82411846
Ch  1.30 -1.7880  1.5000   1.0000  0.6184  0.4985  0.1199  0.3816    0.402    0.324    4.352      1.53933291
Ch  1.30 -1.7880  1.7500   1.0000  0.6118  0.4875  0.1243  0.3882    0.457    0.364    4.502      1.34002408
Ch  1.30 -1.7880  2.0000   1.0000  0.6063  0.4781  0.1282  0.3937    0.497    0.392    4.604      1.22032282
Ch  1.30 -1.7880  2.2500   1.0000  0.6014  0.4697  0.1318  0.3986    0.539    0.421    4.701      1.11565476
Ch  1.30 -1.7880  2.5000   1.0000  0.5973  0.4623  0.1350  0.4027    0.594    0.460    4.814      1.00575064
Ch  1.30 -1.7880  2.7500   1.0000  0.5937  0.4558  0.1379  0.4063    0.632    0.485    4.888      0.93953214
Ch  1.30 -1.7880  3.0000   1.0000  0.5904  0.4498  0.1406  0.4096    0.673    0.513    4.962      0.87703625
Ch  1.30 -1.7880  3.2500   1.0000  0.5875  0.4444  0.1432  0.4125    0.717    0.542    5.037      0.81920539
Ch  1.30 -1.7880  3.5000   1.0000  0.5849  0.4393  0.1456  0.4151    0.754    0.566    5.096      0.77565705
Ch  1.30 -1.7880  3.7500   1.0000  0.5825  0.4346  0.1479  0.4175    0.792    0.591    5.153      0.73559061
Ch  1.30 -1.7880  4.0000   1.0000  0.5802  0.4302  0.1501  0.4198    0.831    0.616    5.210      0.69817629
Ch  1.30 -1.7880  4.5000   1.0000  0.5763  0.4222  0.1541  0.4237    0.912    0.668    5.318      0.63197054
Ch  1.30 -1.7880  5.0000   1.0000  0.5728  0.4150  0.1578  0.4272    0.980    0.710    5.403      0.58445979
Ch  1.30 -1.7880  5.5000   1.0000  0.5698  0.4085  0.1613  0.4302    1.051    0.753    5.484      0.54238853
Ch  1.30 -1.7880  6.0000   1.0000  0.5671  0.4026  0.1645  0.4329    1.142    0.811    5.580      0.49637846
Ch  1.30 -1.7880  6.5000   1.0000  0.5647  0.3973  0.1674  0.4353    1.211    0.852    5.648      0.46638685
Ch  1.30 -1.7880  7.0000   1.0000  0.5626  0.3924  0.1702  0.4374    1.280    0.893    5.712      0.43957800
Ch  1.30 -1.7880  7.5000   1.0000  0.5607  0.3878  0.1729  0.4393    1.350    0.933    5.774      0.41542751
Ch  1.30 -1.7880  8.0000   1.0000  0.5589  0.3835  0.1754  0.4411    1.420    0.974    5.832      0.39355729
Ch  1.30 -1.7880  8.5000   1.0000  0.5574  0.3795  0.1779  0.4426    1.484    1.010    5.883      0.37565932
Ch  1.30 -1.7880  9.0000   1.0000  0.5560  0.3757  0.1803  0.4440    1.545    1.044    5.930      0.35977202
Ch  1.30 -1.7880  9.5000   1.0000  0.5547  0.3721  0.1826  0.4453    1.608    1.079    5.976      0.34496466
Ch  1.30 -1.7880 10.0000   1.0000  0.5535  0.3687  0.1848  0.4465    1.671    1.113    6.020      0.33126099
Ch  1.30 -1.7880 10.5000   1.0000  0.5523  0.3655  0.1868  0.4477    1.734    1.147    6.062      0.31853546
Ch  1.30 -1.7880 11.0000   1.0000  0.5494  0.3624  0.1870  0.4506    1.793    1.182    6.104      0.30648455
Ch  1.30 -1.7880 11.5000   1.0000  0.5465  0.3595  0.1871  0.4535    1.858    1.222    6.149      0.29408481
Ch  1.30 -1.7880 12.0000   1.0000  0.5437  0.3567  0.1870  0.4563    1.927    1.264    6.194      0.28207654
Ch  1.30 -1.7880 12.5000   1.0000  0.5409  0.3540  0.1869  0.4591    1.998    1.307    6.239      0.27076227
Ch  1.30 -1.7880 13.0000   1.0000  0.5399  0.3514  0.1885  0.4601    2.088    1.359    6.288      0.25861063
Ch  1.30 -1.7880 13.5000   1.0000  0.5371  0.3490  0.1881  0.4629    2.150    1.397    6.326      0.24981925
Ch  1.30 -1.7880 14.0000   1.0000  0.5344  0.3466  0.1878  0.4656    2.214    1.436    6.364      0.24131809
Ch  1.30 -1.4863  0.0300   1.0000  0.8295  0.7846  0.0449  0.1705    0.061    0.057    1.981     13.66733554
Ch  1.30 -1.4863  0.0400   1.0000  0.8133  0.7651  0.0482  0.1867    0.069    0.065    2.140     11.80495800
Ch  1.30 -1.4863  0.0500   1.0000  0.8014  0.7502  0.0512  0.1986    0.077    0.072    2.282     10.35394419
Ch  1.30 -1.4863  0.0600   1.0000  0.7920  0.7382  0.0538  0.2080    0.084    0.079    2.390      9.37563630
Ch  1.30 -1.4863  0.0700   1.0000  0.7844  0.7284  0.0561  0.2156    0.090    0.084    2.473      8.68483727
Ch  1.30 -1.4863  0.0800   1.0000  0.7781  0.7199  0.0582  0.2219    0.093    0.086    2.515      8.35498509
Ch  1.30 -1.4863  0.0900   1.0000  0.7725  0.7122  0.0603  0.2275    0.094    0.087    2.538      8.18396312
Ch  1.30 -1.4863  0.1000   1.0000  0.7671  0.7051  0.0620  0.2329    0.096    0.088    2.562      7.99991969
Ch  1.30 -1.4863  0.1500   1.0000  0.7442  0.6759  0.0682  0.2558    0.116    0.105    2.801      6.41813770
Ch  1.30 -1.4863  0.2000   1.0000  0.7288  0.6559  0.0729  0.2712    0.134    0.121    2.981      5.43775888
Ch  1.30 -1.4863  0.2500   1.0000  0.7167  0.6399  0.0768  0.2833    0.150    0.134    3.119      4.78982844
Ch  1.30 -1.4863  0.3000   1.0000  0.7068  0.6265  0.0803  0.2932    0.169    0.150    3.265      4.18847111
Ch  1.30 -1.4863  0.3500   1.0000  0.6987  0.6155  0.0832  0.3013    0.183    0.161    3.363      3.82723159
Ch  1.30 -1.4863  0.4000   1.0000  0.6915  0.6058  0.0857  0.3085    0.196    0.172    3.453      3.52188895
Ch  1.30 -1.4863  0.4500   1.0000  0.6852  0.5971  0.0881  0.3148    0.211    0.184    3.540      3.24969005
Ch  1.30 -1.4863  0.5000   1.0000  0.6796  0.5894  0.0902  0.3204    0.224    0.195    3.616      3.03011538
Ch  1.30 -1.4863  0.6000   1.0000  0.6702  0.5762  0.0940  0.3298    0.249    0.214    3.745      2.69100256
Ch  1.30 -1.4863  0.7000   1.0000  0.6623  0.5649  0.0974  0.3377    0.273    0.233    3.858      2.42646655
Ch  1.30 -1.4863  0.8000   1.0000  0.6557  0.5553  0.1003  0.3443    0.294    0.249    3.948      2.23285833
Ch  1.30 -1.4863  0.9000   1.0000  0.6498  0.5467  0.1030  0.3502    0.293    0.247    3.957      2.21408071
Ch  1.30 -1.4863  1.0000   1.0000  0.6434  0.5373  0.1061  0.3566    0.289    0.241    3.951      2.22624932
Ch  1.30 -1.4863  1.2500   1.0000  0.6295  0.5161  0.1134  0.3705    0.352    0.288    4.189      1.78895018
Ch  1.30 -1.4863  1.5000   1.0000  0.6200  0.5011  0.1189  0.3800    0.400    0.323    4.343      1.55172288
Ch  1.30 -1.4863  1.7500   1.0000  0.6130  0.4895  0.1235  0.3870    0.467    0.373    4.524      1.31372101
Ch  1.30 -1.4863  2.0000   1.0000  0.6074  0.4800  0.1274  0.3926    0.507    0.400    4.623      1.19918745
Ch  1.30 -1.4863  2.2500   1.0000  0.6025  0.4715  0.1310  0.3975    0.549    0.429    4.719      1.09783652
Ch  1.30 -1.4863  2.5000   1.0000  0.5982  0.4640  0.1342  0.4018    0.611    0.474    4.842      0.97952560
Ch  1.30 -1.4863  2.7500   1.0000  0.5946  0.4575  0.1371  0.4054    0.651    0.501    4.918      0.91336033
Ch  1.30 -1.4863  3.0000   1.0000  0.5913  0.4515  0.1398  0.4087    0.693    0.529    4.993      0.85284032
Ch  1.30 -1.4863  3.2500   1.0000  0.5884  0.4460  0.1424  0.4116    0.743    0.563    5.073      0.79211113
Ch  1.30 -1.4863  3.5000   1.0000  0.5858  0.4410  0.1448  0.4142    0.780    0.587    5.131      0.75096820
Ch  1.30 -1.4863  3.7500   1.0000  0.5834  0.4363  0.1471  0.4166    0.818    0.612    5.187      0.71329391
Ch  1.30 -1.4863  4.0000   1.0000  0.5811  0.4319  0.1492  0.4189    0.857    0.637    5.241      0.67842602
Ch  1.30 -1.4863  4.5000   1.0000  0.5771  0.4239  0.1532  0.4229    0.943    0.693    5.353      0.61188829
Ch  1.30 -1.4863  5.0000   1.0000  0.5737  0.4167  0.1569  0.4263    1.014    0.737    5.439      0.56556470
Ch  1.30 -1.4863  5.5000   1.0000  0.5706  0.4102  0.1604  0.4294    1.088    0.782    5.521      0.52453844
Ch  1.30 -1.4863  6.0000   1.0000  0.5679  0.4043  0.1636  0.4321    1.186    0.844    5.619      0.47887099
Ch  1.30 -1.4863  6.5000   1.0000  0.5655  0.3990  0.1665  0.4345    1.256    0.886    5.687      0.45017426
Ch  1.30 -1.4863  7.0000   1.0000  0.5633  0.3941  0.1692  0.4367    1.327    0.928    5.750      0.42453532
Ch  1.30 -1.4863  7.5000   1.0000  0.5614  0.3896  0.1718  0.4386    1.398    0.970    5.811      0.40145764
Ch  1.30 -1.4863  8.0000   1.0000  0.5597  0.3853  0.1743  0.4403    1.471    1.013    5.869      0.38051980
Ch  1.30 -1.4863  8.5000   1.0000  0.5581  0.3813  0.1768  0.4419    1.543    1.055    5.924      0.36158399
Ch  1.30 -1.4863  9.0000   1.0000  0.5567  0.3775  0.1791  0.4433    1.601    1.086    5.967      0.34762014
Ch  1.30 -1.4863  9.5000   1.0000  0.5553  0.3740  0.1814  0.4447    1.665    1.121    6.012      0.33352309
Ch  1.30 -1.4863 10.0000   1.0000  0.5541  0.3706  0.1836  0.4459    1.731    1.158    6.057      0.32006494
Ch  1.30 -1.4863 10.5000   1.0000  0.5530  0.3673  0.1856  0.4470    1.798    1.194    6.100      0.30754468
Ch  1.30 -1.4863 11.0000   1.0000  0.5519  0.3643  0.1876  0.4481    1.865    1.231    6.142      0.29590692
Ch  1.30 -1.4863 11.5000   1.0000  0.5490  0.3613  0.1877  0.4510    1.926    1.268    6.183      0.28499685
Ch  1.30 -1.4863 12.0000   1.0000  0.5462  0.3585  0.1877  0.4538    1.994    1.309    6.226      0.27393804
Ch  1.30 -1.4863 12.5000   1.0000  0.5434  0.3558  0.1875  0.4566    2.067    1.353    6.270      0.26291784
Ch  1.30 -1.4863 13.0000   1.0000  0.5406  0.3533  0.1873  0.4594    2.142    1.400    6.315      0.25242664
Ch  1.30 -1.4863 13.5000   1.0000  0.5378  0.3508  0.1870  0.4622    2.226    1.452    6.362      0.24159079
Ch  1.30 -1.4863 14.0000   1.0000  0.5369  0.3485  0.1884  0.4631    2.306    1.496    6.402      0.23286145
Ch  1.30 -1.2642  0.0300   1.0000  0.8294  0.7845  0.0449  0.1706    0.054    0.051    1.852     15.38801587
Ch  1.30 -1.2642  0.0400   1.0000  0.8133  0.7650  0.0483  0.1867    0.062    0.058    2.027     13.09773733
Ch  1.30 -1.2642  0.0500   1.0000  0.8013  0.7501  0.0512  0.1987    0.071    0.066    2.186     11.31305903
Ch  1.30 -1.2642  0.0600   1.0000  0.7919  0.7381  0.0538  0.2081    0.078    0.073    2.304     10.14561808
Ch  1.30 -1.2642  0.0700   1.0000  0.7843  0.7282  0.0561  0.2157    0.085    0.078    2.401      9.27954121
Ch  1.30 -1.2642  0.0800   1.0000  0.7780  0.7197  0.0583  0.2220    0.088    0.082    2.458      8.80492078
Ch  1.30 -1.2642  0.0900   1.0000  0.7724  0.7121  0.0603  0.2276    0.092    0.085    2.507      8.41432692
Ch  1.30 -1.2642  0.1000   1.0000  0.7671  0.7051  0.0620  0.2329    0.095    0.088    2.555      8.05641285
Ch  1.30 -1.2642  0.1500   1.0000  0.7451  0.6771  0.0680  0.2549    0.117    0.106    2.806      6.39338781
Ch  1.30 -1.2642  0.2000   1.0000  0.7299  0.6573  0.0725  0.2701    0.137    0.124    3.006      5.31857319
Ch  1.30 -1.2642  0.2500   1.0000  0.7179  0.6416  0.0764  0.2821    0.154    0.138    3.152      4.64697940
Ch  1.30 -1.2642  0.3000   1.0000  0.7081  0.6283  0.0798  0.2919    0.173    0.154    3.290      4.09237608
Ch  1.30 -1.2642  0.3500   1.0000  0.7001  0.6174  0.0827  0.2999    0.188    0.166    3.392      3.72721090
Ch  1.30 -1.2642  0.4000   1.0000  0.6930  0.6078  0.0852  0.3070    0.202    0.177    3.479      3.43880467
Ch  1.30 -1.2642  0.4500   1.0000  0.6868  0.5992  0.0875  0.3132    0.216    0.189    3.565      3.17805864
Ch  1.30 -1.2642  0.5000   1.0000  0.6813  0.5917  0.0896  0.3187    0.230    0.200    3.643      2.95768402
Ch  1.30 -1.2642  0.6000   1.0000  0.6720  0.5787  0.0933  0.3280    0.257    0.221    3.775      2.61819805
Ch  1.30 -1.2642  0.7000   1.0000  0.6643  0.5678  0.0965  0.3357    0.282    0.241    3.891      2.35242883
Ch  1.30 -1.2642  0.8000   1.0000  0.6577  0.5583  0.0994  0.3423    0.308    0.262    3.997      2.13313031
Ch  1.30 -1.2642  0.9000   1.0000  0.6519  0.5499  0.1020  0.3481    0.316    0.266    4.033      2.06378120
Ch  1.30 -1.2642  1.0000   1.0000  0.6463  0.5416  0.1047  0.3537    0.303    0.254    3.996      2.13547881
Ch  1.30 -1.2642  1.2500   1.0000  0.6316  0.5193  0.1123  0.3684    0.369    0.303    4.235      1.71318349
Ch  1.30 -1.2642  1.5000   1.0000  0.6219  0.5041  0.1178  0.3781    0.405    0.329    4.356      1.53376662
Ch  1.30 -1.2642  1.7500   1.0000  0.6144  0.4919  0.1225  0.3856    0.480    0.384    4.552      1.27963986
Ch  1.30 -1.2642  2.0000   1.0000  0.6088  0.4824  0.1264  0.3912    0.521    0.413    4.651      1.16832728
Ch  1.30 -1.2642  2.2500   1.0000  0.6039  0.4739  0.1299  0.3961    0.566    0.444    4.749      1.06781260
Ch  1.30 -1.2642  2.5000   1.0000  0.5995  0.4663  0.1332  0.4005    0.627    0.488    4.870      0.95542506
Ch  1.30 -1.2642  2.7500   1.0000  0.5958  0.4597  0.1361  0.4042    0.676    0.522    4.958      0.88086624
Ch  1.30 -1.2642  3.0000   1.0000  0.5926  0.4538  0.1388  0.4074    0.718    0.550    5.029      0.82496723
Ch  1.30 -1.2642  3.2500   1.0000  0.5896  0.4483  0.1413  0.4104    0.768    0.584    5.107      0.76768403
Ch  1.30 -1.2642  3.5000   1.0000  0.5869  0.4433  0.1437  0.4131    0.811    0.613    5.172      0.72334527
Ch  1.30 -1.2642  3.7500   1.0000  0.5845  0.4386  0.1459  0.4155    0.851    0.639    5.228      0.68674141
Ch  1.30 -1.2642  4.0000   1.0000  0.5823  0.4342  0.1481  0.4177    0.892    0.665    5.283      0.65291913
Ch  1.30 -1.2642  4.5000   1.0000  0.5783  0.4262  0.1520  0.4217    0.987    0.727    5.400      0.58603334
Ch  1.30 -1.2642  5.0000   1.0000  0.5748  0.4192  0.1556  0.4252    1.060    0.773    5.485      0.54215648
Ch  1.30 -1.2642  5.5000   1.0000  0.5717  0.4127  0.1590  0.4283    1.135    0.819    5.565      0.50364765
Ch  1.30 -1.2642  6.0000   1.0000  0.5690  0.4068  0.1622  0.4310    1.215    0.868    5.643      0.46846749
Ch  1.30 -1.2642  6.5000   1.0000  0.5666  0.4015  0.1651  0.4334    1.308    0.927    5.728      0.43324797
Ch  1.30 -1.2642  7.0000   1.0000  0.5644  0.3966  0.1678  0.4356    1.382    0.971    5.792      0.40853489
Ch  1.30 -1.2642  7.5000   1.0000  0.5624  0.3921  0.1704  0.4376    1.457    1.015    5.853      0.38612386
Ch  1.30 -1.2642  8.0000   1.0000  0.5607  0.3878  0.1729  0.4393    1.533    1.061    5.912      0.36563997
Ch  1.30 -1.2642  8.5000   1.0000  0.5590  0.3838  0.1752  0.4410    1.612    1.107    5.970      0.34678740
Ch  1.30 -1.2642  9.0000   1.0000  0.5576  0.3801  0.1776  0.4424    1.687    1.150    6.022      0.33049264
Ch  1.30 -1.2642  9.5000   1.0000  0.5563  0.3765  0.1798  0.4437    1.751    1.185    6.065      0.31776264
Ch  1.30 -1.2642 10.0000   1.0000  0.5550  0.3731  0.1819  0.4450    1.818    1.222    6.108      0.30537885
Ch  1.30 -1.2642 10.5000   1.0000  0.5539  0.3699  0.1840  0.4461    1.887    1.260    6.151      0.29348483
Ch  1.30 -1.2642 11.0000   1.0000  0.5528  0.3669  0.1860  0.4472    1.958    1.299    6.193      0.28230853
Ch  1.30 -1.2642 11.5000   1.0000  0.5518  0.3639  0.1879  0.4482    2.029    1.338    6.234      0.27191716
Ch  1.30 -1.2642 12.0000   1.0000  0.5490  0.3611  0.1878  0.4510    2.094    1.377    6.273      0.26219091
Ch  1.30 -1.2642 12.5000   1.0000  0.5462  0.3585  0.1877  0.4538    2.162    1.419    6.314      0.25257554
Ch  1.30 -1.2642 13.0000   1.0000  0.5434  0.3559  0.1875  0.4566    2.238    1.466    6.357      0.24283730
Ch  1.30 -1.2642 13.5000   1.0000  0.5406  0.3534  0.1872  0.4594    2.315    1.513    6.399      0.23357168
Ch  1.30 -1.2642 14.0000   1.0000  0.5379  0.3511  0.1868  0.4621    2.404    1.569    6.445      0.22379684
Ch  1.30 -0.9614  0.0300   1.0000  0.8294  0.7845  0.0449  0.1706    0.047    0.045    1.712     17.49936630
Ch  1.30 -0.9614  0.0400   1.0000  0.8133  0.7651  0.0482  0.1867    0.057    0.053    1.925     14.38582936
Ch  1.30 -0.9614  0.0500   1.0000  0.8014  0.7503  0.0511  0.1986    0.066    0.062    2.115     12.07449408
Ch  1.30 -0.9614  0.0600   1.0000  0.7920  0.7383  0.0537  0.2080    0.075    0.070    2.264     10.53077895
Ch  1.30 -0.9614  0.0700   1.0000  0.7845  0.7284  0.0561  0.2155    0.084    0.078    2.394      9.33985910
Ch  1.30 -0.9614  0.0800   1.0000  0.7781  0.7199  0.0582  0.2219    0.090    0.083    2.479      8.63638078
Ch  1.30 -0.9614  0.0900   1.0000  0.7725  0.7123  0.0602  0.2275    0.097    0.090    2.571      7.93861603
Ch  1.30 -0.9614  0.1000   1.0000  0.7674  0.7056  0.0619  0.2326    0.105    0.097    2.661      7.30376696
Ch  1.30 -0.9614  0.1500   1.0000  0.7473  0.6800  0.0673  0.2527    0.128    0.116    2.903      5.84582596
Ch  1.30 -0.9614  0.2000   1.0000  0.7323  0.6605  0.0718  0.2677    0.143    0.129    3.046      5.12308779
Ch  1.30 -0.9614  0.2500   1.0000  0.7202  0.6446  0.0756  0.2798    0.159    0.142    3.180      4.52705621
Ch  1.30 -0.9614  0.3000   1.0000  0.7103  0.6313  0.0790  0.2897    0.178    0.159    3.320      3.98086321
Ch  1.30 -0.9614  0.3500   1.0000  0.7024  0.6206  0.0818  0.2976    0.197    0.174    3.440      3.56296358
Ch  1.30 -0.9614  0.4000   1.0000  0.6957  0.6114  0.0843  0.3043    0.211    0.186    3.526      3.29284051
Ch  1.30 -0.9614  0.4500   1.0000  0.6897  0.6033  0.0864  0.3103    0.226    0.197    3.607      3.05529488
Ch  1.30 -0.9614  0.5000   1.0000  0.6843  0.5959  0.0884  0.3157    0.243    0.212    3.696      2.81570223
Ch  1.30 -0.9614  0.6000   1.0000  0.6755  0.5837  0.0919  0.3245    0.273    0.236    3.837      2.47175032
Ch  1.30 -0.9614  0.7000   1.0000  0.6681  0.5732  0.0949  0.3319    0.303    0.260    3.961      2.20534321
Ch  1.30 -0.9614  0.8000   1.0000  0.6617  0.5641  0.0976  0.3383    0.330    0.281    4.063      2.00799898
Ch  1.30 -0.9614  0.9000   1.0000  0.6560  0.5558  0.1002  0.3440    0.350    0.296    4.137      1.87508682
Ch  1.30 -0.9614  1.0000   1.0000  0.6508  0.5482  0.1026  0.3492    0.351    0.296    4.151      1.85227569
Ch  1.30 -0.9614  1.2500   1.0000  0.6361  0.5262  0.1099  0.3639    0.376    0.311    4.249      1.69277277
Ch  1.30 -0.9614  1.5000   1.0000  0.6255  0.5098  0.1157  0.3745    0.439    0.358    4.435      1.42545453
Ch  1.30 -0.9614  1.7500   1.0000  0.6173  0.4967  0.1206  0.3827    0.513    0.412    4.618      1.20428245
Ch  1.30 -0.9614  2.0000   1.0000  0.6116  0.4872  0.1244  0.3884    0.569    0.453    4.741      1.07523182
Ch  1.30 -0.9614  2.2500   1.0000  0.6067  0.4789  0.1278  0.3933    0.615    0.485    4.834      0.98725229
Ch  1.30 -0.9614  2.5000   1.0000  0.6023  0.4713  0.1310  0.3977    0.662    0.518    4.923      0.90961830
Ch  1.30 -0.9614  2.7500   1.0000  0.5985  0.4645  0.1340  0.4015    0.734    0.570    5.042      0.81523396
Ch  1.30 -0.9614  3.0000   1.0000  0.5952  0.4586  0.1366  0.4048    0.779    0.600    5.112      0.76441956
Ch  1.30 -0.9614  3.2500   1.0000  0.5922  0.4532  0.1391  0.4078    0.825    0.631    5.180      0.71785065
Ch  1.30 -0.9614  3.5000   1.0000  0.5895  0.4481  0.1414  0.4105    0.881    0.669    5.256      0.66946415
Ch  1.30 -0.9614  3.7500   1.0000  0.5871  0.4435  0.1436  0.4129    0.926    0.700    5.315      0.63376331
Ch  1.30 -0.9614  4.0000   1.0000  0.5848  0.4392  0.1456  0.4152    0.968    0.727    5.367      0.60404996
Ch  1.30 -0.9614  4.5000   1.0000  0.5807  0.4312  0.1495  0.4193    1.055    0.783    5.468      0.55067045
Ch  1.30 -0.9614  5.0000   1.0000  0.5772  0.4242  0.1531  0.4228    1.154    0.848    5.572      0.50024254
Ch  1.30 -0.9614  5.5000   1.0000  0.5742  0.4178  0.1563  0.4258    1.234    0.898    5.651      0.46534158
Ch  1.30 -0.9614  6.0000   1.0000  0.5714  0.4120  0.1594  0.4286    1.316    0.949    5.726      0.43416803
Ch  1.30 -0.9614  6.5000   1.0000  0.5689  0.4066  0.1623  0.4311    1.404    1.003    5.801      0.40525667
Ch  1.30 -0.9614  7.0000   1.0000  0.5667  0.4017  0.1650  0.4333    1.500    1.063    5.877      0.37784912
Ch  1.30 -0.9614  7.5000   1.0000  0.5647  0.3972  0.1675  0.4353    1.579    1.110    5.936      0.35769354
Ch  1.30 -0.9614  8.0000   1.0000  0.5628  0.3929  0.1699  0.4372    1.658    1.158    5.993      0.33942089
Ch  1.30 -0.9614  8.5000   1.0000  0.5611  0.3889  0.1722  0.4389    1.739    1.205    6.048      0.32272504
Ch  1.30 -0.9614  9.0000   1.0000  0.5596  0.3852  0.1744  0.4404    1.821    1.253    6.101      0.30735537
Ch  1.30 -0.9614  9.5000   1.0000  0.5582  0.3816  0.1765  0.4418    1.904    1.302    6.152      0.29315550
Ch  1.30 -0.9614 10.0000   1.0000  0.5569  0.3783  0.1786  0.4431    1.978    1.343    6.196      0.28162037
Ch  1.30 -0.9614 10.5000   1.0000  0.5558  0.3751  0.1807  0.4442    2.046    1.381    6.235      0.27158739
Ch  1.30 -0.9614 11.0000   1.0000  0.5547  0.3721  0.1826  0.4453    2.119    1.422    6.275      0.26173473
Ch  1.30 -0.9614 11.5000   1.0000  0.5536  0.3692  0.1845  0.4464    2.195    1.464    6.316      0.25217625
Ch  1.30 -0.9614 12.0000   1.0000  0.5526  0.3664  0.1862  0.4474    2.274    1.508    6.356      0.24297990
Ch  1.30 -0.9614 12.5000   1.0000  0.5517  0.3637  0.1880  0.4483    2.354    1.552    6.395      0.23435522
Ch  1.30 -0.9614 13.0000   1.0000  0.5490  0.3612  0.1878  0.4510    2.427    1.596    6.434      0.22623782
Ch  1.30 -0.9614 13.5000   1.0000  0.5463  0.3587  0.1875  0.4537    2.503    1.644    6.473      0.21826143
Ch  1.30 -0.9614 14.0000   1.0000  0.5436  0.3564  0.1872  0.4564    2.587    1.696    6.514      0.21014993
Ch  1.30 -0.6575  0.0300   1.0000  0.8296  0.7847  0.0449  0.1704    0.056    0.053    1.901     14.71189436
Ch  1.30 -0.6575  0.0400   1.0000  0.8137  0.7655  0.0482  0.1863    0.067    0.063    2.112     12.11098007
Ch  1.30 -0.6575  0.0500   1.0000  0.8019  0.7509  0.0510  0.1981    0.078    0.073    2.285     10.32806604
Ch  1.30 -0.6575  0.0600   1.0000  0.7927  0.7392  0.0535  0.2073    0.086    0.081    2.414      9.17457610
Ch  1.30 -0.6575  0.0700   1.0000  0.7852  0.7294  0.0558  0.2148    0.095    0.088    2.525      8.28318870
Ch  1.30 -0.6575  0.0800   1.0000  0.7789  0.7210  0.0579  0.2211    0.101    0.093    2.602      7.71610914
Ch  1.30 -0.6575  0.0900   1.0000  0.7734  0.7135  0.0599  0.2266    0.108    0.100    2.683      7.16116443
Ch  1.30 -0.6575  0.1000   1.0000  0.7684  0.7068  0.0616  0.2316    0.116    0.106    2.763      6.64755170
Ch  1.30 -0.6575  0.1500   1.0000  0.7485  0.6816  0.0670  0.2515    0.137    0.125    2.977      5.45971817
Ch  1.30 -0.6575  0.2000   1.0000  0.7343  0.6631  0.0711  0.2657    0.154    0.139    3.125      4.76620649
Ch  1.30 -0.6575  0.2500   1.0000  0.7231  0.6485  0.0747  0.2769    0.171    0.153    3.254      4.23009047
Ch  1.30 -0.6575  0.3000   1.0000  0.7139  0.6361  0.0778  0.2861    0.189    0.169    3.378      3.77391611
Ch  1.30 -0.6575  0.3500   1.0000  0.7062  0.6257  0.0805  0.2938    0.211    0.187    3.508      3.34828802
Ch  1.30 -0.6575  0.4000   1.0000  0.7000  0.6173  0.0827  0.3000    0.228    0.201    3.603      3.06728820
Ch  1.30 -0.6575  0.4500   1.0000  0.6944  0.6097  0.0847  0.3056    0.246    0.216    3.693      2.82431950
Ch  1.30 -0.6575  0.5000   1.0000  0.6894  0.6028  0.0865  0.3106    0.264    0.231    3.777      2.61364761
Ch  1.30 -0.6575  0.6000   1.0000  0.6807  0.5909  0.0898  0.3193    0.298    0.258    3.922      2.28610327
Ch  1.30 -0.6575  0.7000   1.0000  0.6735  0.5809  0.0926  0.3265    0.327    0.282    4.036      2.05807793
Ch  1.30 -0.6575  0.8000   1.0000  0.6672  0.5719  0.0953  0.3328    0.355    0.305    4.136      1.87738370
Ch  1.30 -0.6575  0.9000   1.0000  0.6616  0.5639  0.0977  0.3384    0.381    0.325    4.222      1.73445723
Ch  1.30 -0.6575  1.0000   1.0000  0.6563  0.5563  0.1000  0.3437    0.401    0.340    4.285      1.63706154
Ch  1.30 -0.6575  1.2500   1.0000  0.6435  0.5374  0.1061  0.3565    0.395    0.330    4.290      1.62999972
Ch  1.30 -0.6575  1.5000   1.0000  0.6305  0.5177  0.1128  0.3695    0.497    0.408    4.563      1.26746290
Ch  1.30 -0.6575  1.7500   1.0000  0.6225  0.5051  0.1174  0.3775    0.550    0.446    4.685      1.13247391
Ch  1.30 -0.6575  2.0000   1.0000  0.6160  0.4945  0.1215  0.3840    0.651    0.522    4.879      0.94678441
Ch  1.30 -0.6575  2.2500   1.0000  0.6111  0.4864  0.1247  0.3889    0.701    0.558    4.969      0.87167268
Ch  1.30 -0.6575  2.5000   1.0000  0.6069  0.4791  0.1277  0.3931    0.753    0.595    5.055      0.80570128
Ch  1.30 -0.6575  2.7500   1.0000  0.6030  0.4725  0.1305  0.3970    0.806    0.632    5.135      0.74814887
Ch  1.30 -0.6575  3.0000   1.0000  0.5995  0.4664  0.1332  0.4005    0.870    0.677    5.224      0.68914328
Ch  1.30 -0.6575  3.2500   1.0000  0.5965  0.4610  0.1355  0.4035    0.928    0.717    5.300      0.64262423
Ch  1.30 -0.6575  3.5000   1.0000  0.5938  0.4560  0.1377  0.4062    0.980    0.753    5.364      0.60564658
Ch  1.30 -0.6575  3.7500   1.0000  0.5913  0.4514  0.1399  0.4087    1.033    0.789    5.426      0.57227156
Ch  1.30 -0.6575  4.0000   1.0000  0.5889  0.4470  0.1419  0.4111    1.102    0.837    5.501      0.53416532
Ch  1.30 -0.6575  4.5000   1.0000  0.5849  0.4393  0.1456  0.4151    1.197    0.899    5.598      0.48843547
Ch  1.30 -0.6575  5.0000   1.0000  0.5813  0.4323  0.1490  0.4187    1.295    0.963    5.690      0.44890315
Ch  1.30 -0.6575  5.5000   1.0000  0.5781  0.4260  0.1521  0.4219    1.412    1.041    5.790      0.40932244
Ch  1.30 -0.6575  6.0000   1.0000  0.5754  0.4204  0.1550  0.4246    1.502    1.097    5.862      0.38310074
Ch  1.30 -0.6575  6.5000   1.0000  0.5729  0.4151  0.1577  0.4271    1.593    1.155    5.931      0.35958283
Ch  1.30 -0.6575  7.0000   1.0000  0.5706  0.4103  0.1603  0.4294    1.687    1.213    5.997      0.33824979
Ch  1.30 -0.6575  7.5000   1.0000  0.5685  0.4057  0.1628  0.4315    1.790    1.277    6.065      0.31761072
Ch  1.30 -0.6575  8.0000   1.0000  0.5666  0.4015  0.1651  0.4334    1.883    1.334    6.124      0.30093937
Ch  1.30 -0.6575  8.5000   1.0000  0.5648  0.3976  0.1673  0.4352    1.971    1.387    6.177      0.28658802
Ch  1.30 -0.6575  9.0000   1.0000  0.5632  0.3938  0.1694  0.4368    2.060    1.440    6.228      0.27342536
Ch  1.30 -0.6575  9.5000   1.0000  0.5617  0.3903  0.1714  0.4383    2.150    1.494    6.277      0.26128447
Ch  1.30 -0.6575 10.0000   1.0000  0.5603  0.3870  0.1733  0.4397    2.241    1.548    6.325      0.25003035
Ch  1.30 -0.6575 10.5000   1.0000  0.5590  0.3838  0.1752  0.4410    2.334    1.602    6.371      0.23955450
Ch  1.30 -0.6575 11.0000   1.0000  0.5578  0.3808  0.1771  0.4422    2.427    1.656    6.416      0.22988668
Ch  1.30 -0.6575 11.5000   1.0000  0.5568  0.3779  0.1789  0.4432    2.512    1.705    6.456      0.22164886
Ch  1.30 -0.6575 12.0000   1.0000  0.5558  0.3751  0.1807  0.4442    2.597    1.753    6.494      0.21400414
Ch  1.30 -0.6575 12.5000   1.0000  0.5548  0.3725  0.1824  0.4452    2.683    1.801    6.531      0.20677212
Ch  1.30 -0.6575 13.0000   1.0000  0.5539  0.3699  0.1840  0.4461    2.771    1.850    6.568      0.19992145
Ch  1.30 -0.6575 13.5000   1.0000  0.5530  0.3675  0.1856  0.4470    2.858    1.899    6.603      0.19347178
Ch  1.30 -0.6575 14.0000   1.0000  0.5522  0.3651  0.1871  0.4478    2.925    1.934    6.630      0.18876224
Ch  1.30 -0.3512  0.0300   1.0000  0.8298  0.7850  0.0448  0.1702    0.060    0.057    1.967     13.83942740
Ch  1.30 -0.3512  0.0400   1.0000  0.8143  0.7663  0.0480  0.1857    0.067    0.063    2.114     12.08555745
Ch  1.30 -0.3512  0.0500   1.0000  0.8028  0.7520  0.0508  0.1972    0.078    0.073    2.285     10.32766891
Ch  1.30 -0.3512  0.0600   1.0000  0.7939  0.7406  0.0532  0.2061    0.086    0.080    2.401      9.28309193
Ch  1.30 -0.3512  0.0700   1.0000  0.7865  0.7311  0.0554  0.2135    0.094    0.087    2.514      8.36681671
Ch  1.30 -0.3512  0.0800   1.0000  0.7804  0.7229  0.0574  0.2196    0.100    0.093    2.590      7.79625829
Ch  1.30 -0.3512  0.0900   1.0000  0.7750  0.7156  0.0593  0.2250    0.106    0.098    2.663      7.28994823
Ch  1.30 -0.3512  0.1000   1.0000  0.7702  0.7090  0.0611  0.2298    0.114    0.105    2.747      6.74593069
Ch  1.30 -0.3512  0.1500   1.0000  0.7513  0.6848  0.0665  0.2487    0.139    0.127    2.988      5.40407916
Ch  1.30 -0.3512  0.2000   1.0000  0.7382  0.6674  0.0708  0.2618    0.163    0.148    3.183      4.51532259
Ch  1.30 -0.3512  0.2500   1.0000  0.7283  0.6541  0.0742  0.2717    0.185    0.166    3.332      3.93572104
Ch  1.30 -0.3512  0.3000   1.0000  0.7202  0.6429  0.0773  0.2798    0.207    0.184    3.465      3.48470468
Ch  1.30 -0.3512  0.3500   1.0000  0.7134  0.6333  0.0801  0.2866    0.229    0.203    3.584      3.12168865
Ch  1.30 -0.3512  0.4000   1.0000  0.7075  0.6250  0.0826  0.2925    0.249    0.220    3.687      2.83943673
Ch  1.30 -0.3512  0.4500   1.0000  0.7025  0.6178  0.0847  0.2975    0.267    0.235    3.771      2.62710709
Ch  1.30 -0.3512  0.5000   1.0000  0.6980  0.6113  0.0866  0.3020    0.286    0.250    3.851      2.44079585
Ch  1.30 -0.3512  0.6000   1.0000  0.6900  0.5999  0.0901  0.3100    0.322    0.280    3.993      2.14145783
Ch  1.30 -0.3512  0.7000   1.0000  0.6832  0.5901  0.0931  0.3168    0.357    0.308    4.115      1.91465184
Ch  1.30 -0.3512  0.8000   1.0000  0.6772  0.5813  0.0958  0.3228    0.391    0.335    4.223      1.73285830
Ch  1.30 -0.3512  0.9000   1.0000  0.6718  0.5734  0.0984  0.3282    0.423    0.361    4.318      1.58732201
Ch  1.30 -0.3512  1.0000   1.0000  0.6669  0.5662  0.1007  0.3331    0.455    0.386    4.405      1.46621560
Ch  1.30 -0.3512  1.2500   1.0000  0.6562  0.5501  0.1061  0.3438    0.485    0.406    4.491      1.35446773
Ch  1.30 -0.3512  1.5000   1.0000  0.6443  0.5317  0.1126  0.3557    0.484    0.399    4.509      1.33150397
Ch  1.30 -0.3512  1.7500   1.0000  0.6345  0.5161  0.1184  0.3655    0.661    0.538    4.864      0.96010860
Ch  1.30 -0.3512  2.0000   1.0000  0.6282  0.5058  0.1224  0.3718    0.728    0.586    4.979      0.86344803
Ch  1.30 -0.3512  2.2500   1.0000  0.6227  0.4966  0.1261  0.3773    0.843    0.673    5.149      0.73832670
Ch  1.30 -0.3512  2.5000   1.0000  0.6186  0.4896  0.1290  0.3814    0.921    0.729    5.252      0.67199250
Ch  1.30 -0.3512  2.7500   1.0000  0.6151  0.4834  0.1317  0.3849    0.982    0.772    5.328      0.62627933
Ch  1.30 -0.3512  3.0000   1.0000  0.6118  0.4776  0.1342  0.3882    1.046    0.816    5.402      0.58502634
Ch  1.30 -0.3512  3.2500   1.0000  0.6089  0.4723  0.1366  0.3911    1.108    0.859    5.470      0.54975437
Ch  1.30 -0.3512  3.5000   1.0000  0.6062  0.4673  0.1388  0.3938    1.176    0.907    5.540      0.51536719
Ch  1.30 -0.3512  3.7500   1.0000  0.6037  0.4628  0.1410  0.3963    1.251    0.959    5.611      0.48257654
Ch  1.30 -0.3512  4.0000   1.0000  0.6015  0.4586  0.1429  0.3985    1.310    0.999    5.665      0.45904144
Ch  1.30 -0.3512  4.5000   1.0000  0.5975  0.4509  0.1466  0.4025    1.433    1.081    5.770      0.41697896
Ch  1.30 -0.3512  5.0000   1.0000  0.5941  0.4441  0.1500  0.4059    1.569    1.173    5.874      0.37870867
Ch  1.30 -0.3512  5.5000   1.0000  0.5911  0.4380  0.1531  0.4089    1.680    1.245    5.954      0.35188086
Ch  1.30 -0.3512  6.0000   1.0000  0.5884  0.4324  0.1560  0.4116    1.796    1.320    6.032      0.32758211
Ch  1.30 -0.3512  6.5000   1.0000  0.5859  0.4272  0.1587  0.4141    1.936    1.411    6.118      0.30268634
Ch  1.30 -0.3512  7.0000   1.0000  0.5837  0.4226  0.1612  0.4163    2.041    1.477    6.179      0.28599440
Ch  1.30 -0.3512  7.5000   1.0000  0.5817  0.4182  0.1635  0.4183    2.147    1.544    6.238      0.27089269
Ch  1.30 -0.3512  8.0000   1.0000  0.5799  0.4141  0.1658  0.4201    2.255    1.611    6.295      0.25709102
Ch  1.30 -0.3512  8.5000   1.0000  0.5781  0.4102  0.1680  0.4219    2.366    1.678    6.350      0.24438158
Ch  1.30 -0.3512  9.0000   1.0000  0.5765  0.4065  0.1700  0.4235    2.478    1.747    6.403      0.23265520
Ch  1.30 -0.3512  9.5000   1.0000  0.5750  0.4030  0.1720  0.4250    2.588    1.814    6.453      0.22217821
Ch  1.30 -0.3512 10.0000   1.0000  0.5736  0.3997  0.1739  0.4264    2.693    1.877    6.499      0.21298705
Ch  1.30 -0.3512 10.5000   1.0000  0.5724  0.3966  0.1758  0.4276    2.799    1.940    6.543      0.20447392
Ch  1.30 -0.3512 11.0000   1.0000  0.5712  0.3936  0.1776  0.4288    2.906    2.002    6.586      0.19655939
Ch  1.30 -0.3512 11.5000   1.0000  0.5701  0.3907  0.1794  0.4299    3.014    2.065    6.628      0.18917482
Ch  1.30 -0.3512 12.0000   1.0000  0.5691  0.3880  0.1811  0.4309    3.122    2.129    6.668      0.18226224
Ch  1.30 -0.3512 12.5000   1.0000  0.5681  0.3854  0.1827  0.4319    3.232    2.192    6.708      0.17577159
Ch  1.30 -0.3512 13.0000   1.0000  0.5672  0.3829  0.1843  0.4328    3.343    2.256    6.746      0.16967104
Ch  1.30 -0.3512 13.5000   1.0000  0.5663  0.3804  0.1859  0.4337    3.438    2.310    6.778      0.16469603
Ch  1.30 -0.3512 14.0000   1.0000  0.5655  0.3781  0.1874  0.4345    3.526    2.358    6.807      0.16036767
Ch  1.30 -0.2513  0.0300   1.0000  0.8302  0.7854  0.0448  0.1698    0.054    0.051    1.859     15.29018563
Ch  1.30 -0.2513  0.0400   1.0000  0.8147  0.7668  0.0479  0.1853    0.066    0.062    2.093     12.32919075
Ch  1.30 -0.2513  0.0500   1.0000  0.8033  0.7527  0.0506  0.1967    0.077    0.072    2.269     10.48179065
Ch  1.30 -0.2513  0.0600   1.0000  0.7945  0.7415  0.0530  0.2055    0.084    0.079    2.384      9.42550811
Ch  1.30 -0.2513  0.0700   1.0000  0.7872  0.7320  0.0552  0.2128    0.093    0.087    2.506      8.42293529
Ch  1.30 -0.2513  0.0800   1.0000  0.7811  0.7240  0.0572  0.2189    0.100    0.093    2.590      7.79553082
Ch  1.30 -0.2513  0.0900   1.0000  0.7758  0.7168  0.0590  0.2242    0.107    0.099    2.668      7.25911412
Ch  1.30 -0.2513  0.1000   1.0000  0.7710  0.7103  0.0608  0.2290    0.116    0.107    2.760      6.66855411
Ch  1.30 -0.2513  0.1500   1.0000  0.7530  0.6870  0.0660  0.2470    0.141    0.129    3.004      5.32383840
Ch  1.30 -0.2513  0.2000   1.0000  0.7402  0.6701  0.0701  0.2598    0.165    0.149    3.190      4.48595905
Ch  1.30 -0.2513  0.2500   1.0000  0.7303  0.6569  0.0735  0.2697    0.188    0.169    3.344      3.89466849
Ch  1.30 -0.2513  0.3000   1.0000  0.7223  0.6458  0.0765  0.2777    0.210    0.188    3.480      3.43520978
Ch  1.30 -0.2513  0.3500   1.0000  0.7154  0.6362  0.0792  0.2846    0.233    0.208    3.604      3.06446367
Ch  1.30 -0.2513  0.4000   1.0000  0.7095  0.6278  0.0817  0.2905    0.256    0.226    3.712      2.77485766
Ch  1.30 -0.2513  0.4500   1.0000  0.7046  0.6208  0.0838  0.2954    0.275    0.242    3.797      2.56654899
Ch  1.30 -0.2513  0.5000   1.0000  0.7001  0.6144  0.0857  0.2999    0.293    0.257    3.876      2.38631609
Ch  1.30 -0.2513  0.6000   1.0000  0.6923  0.6032  0.0891  0.3077    0.331    0.289    4.020      2.08900428
Ch  1.30 -0.2513  0.7000   1.0000  0.6856  0.5935  0.0921  0.3144    0.369    0.319    4.146      1.86009011
Ch  1.30 -0.2513  0.8000   1.0000  0.6795  0.5848  0.0947  0.3205    0.406    0.349    4.259      1.67580003
Ch  1.30 -0.2513  0.9000   1.0000  0.6742  0.5770  0.0972  0.3258    0.437    0.374    4.350      1.54146981
Ch  1.30 -0.2513  1.0000   1.0000  0.6694  0.5698  0.0995  0.3306    0.456    0.389    4.404      1.46638790
Ch  1.30 -0.2513  1.2500   1.0000  0.6562  0.5501  0.1061  0.3438    0.509    0.427    4.545      1.28823735
Ch  1.30 -0.2513  1.5000   1.0000  0.6454  0.5333  0.1121  0.3546    0.606    0.500    4.751      1.06578855
Ch  1.30 -0.2513  1.7500   1.0000  0.6370  0.5202  0.1169  0.3630    0.707    0.577    4.933      0.90140562
Ch  1.30 -0.2513  2.0000   1.0000  0.6309  0.5102  0.1207  0.3691    0.778    0.629    5.047      0.81100826
Ch  1.30 -0.2513  2.2500   1.0000  0.6254  0.5012  0.1242  0.3746    0.857    0.687    5.162      0.72968146
Ch  1.30 -0.2513  2.5000   1.0000  0.6210  0.4936  0.1273  0.3790    0.989    0.786    5.326      0.62772206
Ch  1.30 -0.2513  2.7500   1.0000  0.6174  0.4875  0.1299  0.3826    1.054    0.833    5.401      0.58555598
Ch  1.30 -0.2513  3.0000   1.0000  0.6142  0.4819  0.1323  0.3858    1.120    0.879    5.472      0.54839659
Ch  1.30 -0.2513  3.2500   1.0000  0.6113  0.4767  0.1346  0.3887    1.188    0.926    5.541      0.51475019
Ch  1.30 -0.2513  3.5000   1.0000  0.6086  0.4718  0.1368  0.3914    1.252    0.971    5.603      0.48603788
Ch  1.30 -0.2513  3.7500   1.0000  0.6061  0.4672  0.1389  0.3939    1.324    1.021    5.668      0.45778400
Ch  1.30 -0.2513  4.0000   1.0000  0.6039  0.4630  0.1408  0.3961    1.402    1.075    5.734      0.43081063
Ch  1.30 -0.2513  4.5000   1.0000  0.5999  0.4554  0.1444  0.4001    1.525    1.158    5.833      0.39334090
Ch  1.30 -0.2513  5.0000   1.0000  0.5964  0.4486  0.1478  0.4036    1.667    1.254    5.936      0.35785439
Ch  1.30 -0.2513  5.5000   1.0000  0.5934  0.4426  0.1508  0.4066    1.793    1.337    6.020      0.33101844
Ch  1.30 -0.2513  6.0000   1.0000  0.5907  0.4371  0.1536  0.4093    1.913    1.415    6.096      0.30882264
Ch  1.30 -0.2513  6.5000   1.0000  0.5882  0.4319  0.1563  0.4118    2.038    1.497    6.169      0.28861075
Ch  1.30 -0.2513  7.0000   1.0000  0.5859  0.4272  0.1587  0.4141    2.191    1.598    6.252      0.26740828
Ch  1.30 -0.2513  7.5000   1.0000  0.5839  0.4229  0.1610  0.4161    2.301    1.666    6.309      0.25378740
Ch  1.30 -0.2513  8.0000   1.0000  0.5821  0.4189  0.1632  0.4179    2.411    1.735    6.363      0.24137667
Ch  1.30 -0.2513  8.5000   1.0000  0.5803  0.4150  0.1653  0.4197    2.523    1.805    6.416      0.22997355
Ch  1.30 -0.2513  9.0000   1.0000  0.5787  0.4114  0.1673  0.4213    2.637    1.875    6.467      0.21943465
Ch  1.30 -0.2513  9.5000   1.0000  0.5772  0.4080  0.1692  0.4228    2.753    1.946    6.516      0.20964651
Ch  1.30 -0.2513 10.0000   1.0000  0.5757  0.4047  0.1710  0.4243    2.850    2.003    6.556      0.20204000
Ch  1.30 -0.2513 10.5000   1.0000  0.5744  0.4015  0.1729  0.4256    2.959    2.069    6.600      0.19411593
Ch  1.30 -0.2513 11.0000   1.0000  0.5732  0.3985  0.1746  0.4268    3.069    2.134    6.642      0.18675638
Ch  1.30 -0.2513 11.5000   1.0000  0.5720  0.3957  0.1764  0.4280    3.180    2.199    6.682      0.17989896
Ch  1.30 -0.2513 12.0000   1.0000  0.5709  0.3929  0.1780  0.4291    3.291    2.265    6.722      0.17348632
Ch  1.30 -0.2513 12.5000   1.0000  0.5699  0.3903  0.1796  0.4301    3.403    2.330    6.760      0.16747019
Ch  1.30 -0.2513 13.0000   1.0000  0.5689  0.3877  0.1812  0.4311    3.516    2.396    6.798      0.16180781
Ch  1.30 -0.2513 13.5000   1.0000  0.5681  0.3853  0.1828  0.4319    3.631    2.463    6.834      0.15646085
Ch  1.30 -0.2513 14.0000   1.0000  0.5672  0.3830  0.1843  0.4328    3.746    2.529    6.870      0.15140122
Ch  1.30  0.0600  0.0300   1.0000  0.8299  0.7851  0.0448  0.1701    0.054    0.051    1.849     15.42505064
Ch  1.30  0.0600  0.0400   1.0000  0.8152  0.7674  0.0478  0.1848    0.066    0.062    2.093     12.32367921
Ch  1.30  0.0600  0.0500   1.0000  0.8041  0.7536  0.0505  0.1959    0.080    0.075    2.309     10.10189877
Ch  1.30  0.0600  0.0600   1.0000  0.7958  0.7431  0.0527  0.2042    0.089    0.083    2.438      8.97231769
Ch  1.30  0.0600  0.0700   1.0000  0.7887  0.7340  0.0547  0.2113    0.100    0.093    2.573      7.92147758
Ch  1.30  0.0600  0.0800   1.0000  0.7830  0.7264  0.0566  0.2170    0.108    0.100    2.667      7.26352844
Ch  1.30  0.0600  0.0900   1.0000  0.7779  0.7196  0.0583  0.2221    0.116    0.107    2.752      6.71677592
Ch  1.30  0.0600  0.1000   1.0000  0.7734  0.7135  0.0599  0.2266    0.124    0.115    2.837      6.21252590
Ch  1.30  0.0600  0.1500   1.0000  0.7565  0.6915  0.0650  0.2435    0.155    0.141    3.097      4.88819119
Ch  1.30  0.0600  0.2000   1.0000  0.7444  0.6756  0.0688  0.2556    0.181    0.164    3.285      4.11092844
Ch  1.30  0.0600  0.2500   1.0000  0.7353  0.6633  0.0720  0.2647    0.205    0.185    3.433      3.58597700
Ch  1.30  0.0600  0.3000   1.0000  0.7278  0.6529  0.0749  0.2722    0.229    0.205    3.563      3.18327933
Ch  1.30  0.0600  0.3500   1.0000  0.7215  0.6440  0.0775  0.2785    0.253    0.226    3.681      2.85416711
Ch  1.30  0.0600  0.4000   1.0000  0.7160  0.6361  0.0799  0.2840    0.277    0.246    3.790      2.58279618
Ch  1.30  0.0600  0.4500   1.0000  0.7113  0.6291  0.0821  0.2887    0.301    0.266    3.887      2.36116247
Ch  1.30  0.0600  0.5000   1.0000  0.7071  0.6229  0.0841  0.2929    0.325    0.286    3.977      2.17445989
Ch  1.30  0.0600  0.6000   1.0000  0.6997  0.6122  0.0876  0.3003    0.373    0.326    4.137      1.87597265
Ch  1.30  0.0600  0.7000   1.0000  0.6934  0.6029  0.0905  0.3066    0.421    0.366    4.277      1.64858854
Ch  1.30  0.0600  0.8000   1.0000  0.6878  0.5947  0.0931  0.3122    0.466    0.403    4.397      1.47618438
Ch  1.30  0.0600  0.9000   1.0000  0.6828  0.5872  0.0956  0.3172    0.511    0.440    4.506      1.33494331
Ch  1.30  0.0600  1.0000   1.0000  0.6783  0.5804  0.0980  0.3217    0.556    0.475    4.603      1.22106972
Ch  1.30  0.0600  1.2500   1.0000  0.6686  0.5654  0.1032  0.3314    0.606    0.512    4.713      1.10399484
Ch  1.30  0.0600  1.5000   1.0000  0.6565  0.5460  0.1105  0.3435    0.713    0.593    4.910      0.92028059
Ch  1.30  0.0600  1.7500   1.0000  0.6489  0.5336  0.1153  0.3511    0.853    0.702    5.118      0.76028662
Ch  1.30  0.0600  2.0000   1.0000  0.6427  0.5233  0.1194  0.3573    0.969    0.789    5.266      0.66332283
Ch  1.30  0.0600  2.2500   1.0000  0.6377  0.5148  0.1229  0.3623    1.071    0.864    5.382      0.59568472
Ch  1.30  0.0600  2.5000   1.0000  0.6333  0.5073  0.1260  0.3667    1.163    0.932    5.480      0.54439498
Ch  1.30  0.0600  2.7500   1.0000  0.6294  0.5005  0.1289  0.3706    1.264    1.005    5.577      0.49777602
Ch  1.30  0.0600  3.0000   1.0000  0.6260  0.4945  0.1315  0.3740    1.434    1.133    5.720      0.43655268
Ch  1.30  0.0600  3.2500   1.0000  0.6232  0.4896  0.1337  0.3768    1.514    1.189    5.784      0.41162740
Ch  1.30  0.0600  3.5000   1.0000  0.6207  0.4850  0.1357  0.3793    1.594    1.245    5.844      0.38948222
Ch  1.30  0.0600  3.7500   1.0000  0.6184  0.4807  0.1377  0.3816    1.674    1.301    5.901      0.36948157
Ch  1.30  0.0600  4.0000   1.0000  0.6163  0.4767  0.1396  0.3837    1.757    1.359    5.957      0.35082363
Ch  1.30  0.0600  4.5000   1.0000  0.6123  0.4692  0.1431  0.3877    1.917    1.469    6.059      0.31945291
Ch  1.30  0.0600  5.0000   1.0000  0.6089  0.4626  0.1463  0.3911    2.066    1.570    6.147      0.29466721
Ch  1.30  0.0600  5.5000   1.0000  0.6060  0.4568  0.1492  0.3940    2.227    1.678    6.233      0.27213790
Ch  1.30  0.0600  6.0000   1.0000  0.6034  0.4513  0.1520  0.3966    2.385    1.784    6.312      0.25297845
Ch  1.30  0.0600  6.5000   1.0000  0.6010  0.4463  0.1547  0.3990    2.558    1.900    6.392      0.23497191
Ch  1.30  0.0600  7.0000   1.0000  0.5989  0.4418  0.1571  0.4011    2.700    1.992    6.455      0.22178603
Ch  1.30  0.0600  7.5000   1.0000  0.5970  0.4375  0.1595  0.4030    2.845    2.085    6.515      0.20985872
Ch  1.30  0.0600  8.0000   1.0000  0.5952  0.4335  0.1617  0.4048    2.992    2.179    6.573      0.19895745
Ch  1.30  0.0600  8.5000   1.0000  0.5936  0.4297  0.1639  0.4064    3.142    2.274    6.629      0.18892123
Ch  1.30  0.0600  9.0000   1.0000  0.5920  0.4261  0.1659  0.4080    3.293    2.370    6.683      0.17978833
Ch  1.30  0.0600  9.5000   1.0000  0.5906  0.4227  0.1678  0.4094    3.420    2.448    6.727      0.17270460
Ch  1.30  0.0600 10.0000   1.0000  0.5893  0.4195  0.1697  0.4107    3.547    2.525    6.769      0.16613252
Ch  1.30  0.0600 10.5000   1.0000  0.5880  0.4165  0.1715  0.4120    3.675    2.603    6.810      0.16001002
Ch  1.30  0.0600 11.0000   1.0000  0.5870  0.4141  0.1729  0.4130    3.868    2.729    6.867      0.15177552
Ch  1.30  0.0600 11.5000   1.0000  0.5859  0.4114  0.1745  0.4141    4.005    2.812    6.907      0.14628060
Ch  1.30  0.0600 12.0000   1.0000  0.5848  0.4087  0.1761  0.4152    4.145    2.897    6.946      0.14109650
Ch  1.30  0.0600 12.5000   1.0000  0.5838  0.4062  0.1777  0.4162    4.267    2.969    6.980      0.13680841
Ch  1.30  0.0600 13.0000   1.0000  0.5828  0.4036  0.1792  0.4172    4.323    2.994    6.996      0.13482887
Ch  1.30  0.0600 13.5000   1.0000  0.5819  0.4011  0.1807  0.4181    4.456    3.072    7.030      0.13057226
Ch  1.30  0.0600 14.0000   1.0000  0.5810  0.3987  0.1822  0.4190    4.591    3.151    7.064      0.12655067
Ch  1.30  0.1496  0.0300   1.0000  0.8293  0.7844  0.0449  0.1707    0.056    0.053    1.892     14.82835321
Ch  1.30  0.1496  0.0400   1.0000  0.8147  0.7668  0.0479  0.1853    0.070    0.066    2.160     11.58728102
Ch  1.30  0.1496  0.0500   1.0000  0.8039  0.7534  0.0505  0.1961    0.084    0.079    2.365      9.59578105
Ch  1.30  0.1496  0.0600   1.0000  0.7957  0.7430  0.0527  0.2043    0.094    0.087    2.497      8.49336487
Ch  1.30  0.1496  0.0700   1.0000  0.7887  0.7340  0.0547  0.2113    0.104    0.097    2.624      7.55749166
Ch  1.30  0.1496  0.0800   1.0000  0.7831  0.7266  0.0565  0.2169    0.112    0.104    2.709      6.99099866
Ch  1.30  0.1496  0.0900   1.0000  0.7781  0.7199  0.0582  0.2219    0.120    0.111    2.787      6.50466245
Ch  1.30  0.1496  0.1000   1.0000  0.7736  0.7138  0.0598  0.2264    0.128    0.118    2.866      6.04984257
Ch  1.30  0.1496  0.1500   1.0000  0.7570  0.6921  0.0649  0.2430    0.158    0.145    3.121      4.78160167
Ch  1.30  0.1496  0.2000   1.0000  0.7450  0.6765  0.0686  0.2550    0.185    0.168    3.308      4.02608560
Ch  1.30  0.1496  0.2500   1.0000  0.7360  0.6642  0.0717  0.2640    0.210    0.189    3.457      3.50840697
Ch  1.30  0.1496  0.3000   1.0000  0.7286  0.6540  0.0745  0.2714    0.234    0.210    3.587      3.11239472
Ch  1.30  0.1496  0.3500   1.0000  0.7224  0.6452  0.0771  0.2776    0.259    0.231    3.707      2.78766893
Ch  1.30  0.1496  0.4000   1.0000  0.7170  0.6375  0.0795  0.2830    0.285    0.253    3.818      2.51724673
Ch  1.30  0.1496  0.4500   1.0000  0.7122  0.6305  0.0817  0.2878    0.311    0.275    3.919      2.29232165
Ch  1.30  0.1496  0.5000   1.0000  0.7081  0.6244  0.0837  0.2919    0.336    0.297    4.012      2.10430714
Ch  1.30  0.1496  0.6000   1.0000  0.7008  0.6138  0.0870  0.2992    0.387    0.339    4.175      1.81169401
Ch  1.30  0.1496  0.7000   1.0000  0.6945  0.6046  0.0899  0.3055    0.438    0.381    4.318      1.58714973
Ch  1.30  0.1496  0.8000   1.0000  0.6891  0.5965  0.0926  0.3109    0.487    0.422    4.443      1.41459719
Ch  1.30  0.1496  0.9000   1.0000  0.6841  0.5891  0.0950  0.3159    0.534    0.460    4.551      1.28137012
Ch  1.30  0.1496  1.0000   1.0000  0.6797  0.5824  0.0973  0.3203    0.578    0.495    4.644      1.17584986
Ch  1.30  0.1496  1.2500   1.0000  0.6701  0.5677  0.1024  0.3299    0.638    0.541    4.767      1.05006297
Ch  1.30  0.1496  1.5000   1.0000  0.6591  0.5502  0.1089  0.3409    0.727    0.606    4.926      0.90714776
Ch  1.30  0.1496  1.7500   1.0000  0.6507  0.5365  0.1142  0.3493    0.899    0.742    5.171      0.72356030
Ch  1.30  0.1496  2.0000   1.0000  0.6446  0.5264  0.1182  0.3554    1.017    0.831    5.315      0.63359590
Ch  1.30  0.1496  2.2500   1.0000  0.6395  0.5178  0.1216  0.3605    1.134    0.918    5.442      0.56391192
Ch  1.30  0.1496  2.5000   1.0000  0.6351  0.5104  0.1247  0.3649    1.231    0.989    5.538      0.51615016
Ch  1.30  0.1496  2.7500   1.0000  0.6312  0.5036  0.1276  0.3688    1.333    1.064    5.632      0.47338375
Ch  1.30  0.1496  3.0000   1.0000  0.6277  0.4975  0.1302  0.3723    1.474    1.168    5.747      0.42580724
Ch  1.30  0.1496  3.2500   1.0000  0.6248  0.4923  0.1325  0.3752    1.613    1.271    5.849      0.38744347
Ch  1.30  0.1496  3.5000   1.0000  0.6223  0.4877  0.1345  0.3777    1.697    1.330    5.909      0.36671336
Ch  1.30  0.1496  3.7500   1.0000  0.6199  0.4835  0.1364  0.3801    1.787    1.394    5.970      0.34688870
Ch  1.30  0.1496  4.0000   1.0000  0.6178  0.4795  0.1382  0.3822    1.874    1.454    6.025      0.32969596
Ch  1.30  0.1496  4.5000   1.0000  0.6139  0.4722  0.1417  0.3861    2.036    1.566    6.122      0.30147204
Ch  1.30  0.1496  5.0000   1.0000  0.6104  0.4656  0.1448  0.3896    2.194    1.673    6.209      0.27822047
Ch  1.30  0.1496  5.5000   1.0000  0.6074  0.4597  0.1477  0.3926    2.360    1.786    6.294      0.25738929
Ch  1.30  0.1496  6.0000   1.0000  0.6048  0.4544  0.1504  0.3952    2.529    1.900    6.373      0.23912344
Ch  1.30  0.1496  6.5000   1.0000  0.6025  0.4494  0.1530  0.3975    2.705    2.018    6.451      0.22272182
Ch  1.30  0.1496  7.0000   1.0000  0.6003  0.4448  0.1555  0.3997    2.865    2.123    6.517      0.20950583
Ch  1.30  0.1496  7.5000   1.0000  0.5984  0.4406  0.1578  0.4016    3.020    2.224    6.578      0.19814222
Ch  1.30  0.1496  8.0000   1.0000  0.5966  0.4366  0.1600  0.4034    3.173    2.322    6.634      0.18804988
Ch  1.30  0.1496  8.5000   1.0000  0.5949  0.4328  0.1621  0.4051    3.328    2.421    6.689      0.17876913
Ch  1.30  0.1496  9.0000   1.0000  0.5934  0.4293  0.1641  0.4066    3.486    2.522    6.742      0.17023762
Ch  1.30  0.1496  9.5000   1.0000  0.5919  0.4259  0.1661  0.4081    3.631    2.613    6.789      0.16301201
Ch  1.30  0.1496 10.0000   1.0000  0.5906  0.4227  0.1679  0.4094    3.775    2.702    6.834      0.15644044
Ch  1.30  0.1496 10.5000   1.0000  0.5894  0.4200  0.1694  0.4106    3.949    2.814    6.885      0.14927322
Ch  1.30  0.1496 11.0000   1.0000  0.5882  0.4171  0.1711  0.4118    4.092    2.902    6.926      0.14374779
Ch  1.30  0.1496 11.5000   1.0000  0.5871  0.4144  0.1728  0.4129    4.237    2.990    6.966      0.13857733
Ch  1.30  0.1496 12.0000   1.0000  0.5860  0.4117  0.1743  0.4140    4.383    3.079    7.005      0.13370811
Ch  1.30  0.1496 12.5000   1.0000  0.5850  0.4091  0.1759  0.4150    4.520    3.161    7.040      0.12942094
Ch  1.30  0.1496 13.0000   1.0000  0.5840  0.4066  0.1774  0.4160    4.619    3.216    7.065      0.12643692
Ch  1.30  0.1496 13.5000   1.0000  0.5830  0.4042  0.1789  0.4170    4.764    3.303    7.101      0.12237607
Ch  1.30  0.1496 14.0000   1.0000  0.5821  0.4018  0.1803  0.4179    4.900    3.382    7.133      0.11879348
Ch  1.30  0.2559  0.0300   1.0000  0.8285  0.7835  0.0451  0.1715    0.060    0.057    1.977     13.71960862
Ch  1.30  0.2559  0.0400   1.0000  0.8142  0.7661  0.0480  0.1858    0.076    0.072    2.251     10.66038355
Ch  1.30  0.2559  0.0500   1.0000  0.8037  0.7531  0.0506  0.1963    0.090    0.084    2.441      8.94909769
Ch  1.30  0.2559  0.0600   1.0000  0.7956  0.7428  0.0527  0.2044    0.100    0.093    2.567      7.96562214
Ch  1.30  0.2559  0.0700   1.0000  0.7887  0.7340  0.0547  0.2113    0.110    0.102    2.679      7.18134386
Ch  1.30  0.2559  0.0800   1.0000  0.7832  0.7267  0.0565  0.2168    0.117    0.108    2.754      6.70410975
Ch  1.30  0.2559  0.0900   1.0000  0.7783  0.7202  0.0581  0.2217    0.124    0.115    2.826      6.27707588
Ch  1.30  0.2559  0.1000   1.0000  0.7739  0.7142  0.0597  0.2261    0.132    0.122    2.899      5.86670420
Ch  1.30  0.2559  0.1500   1.0000  0.7575  0.6928  0.0647  0.2425    0.163    0.149    3.149      4.66053669
Ch  1.30  0.2559  0.2000   1.0000  0.7458  0.6774  0.0683  0.2542    0.190    0.172    3.334      3.93003625
Ch  1.30  0.2559  0.2500   1.0000  0.7368  0.6654  0.0714  0.2632    0.215    0.195    3.485      3.42031453
Ch  1.30  0.2559  0.3000   1.0000  0.7295  0.6553  0.0742  0.2705    0.241    0.216    3.617      3.02933793
Ch  1.30  0.2559  0.3500   1.0000  0.7233  0.6466  0.0767  0.2767    0.267    0.239    3.738      2.70947955
Ch  1.30  0.2559  0.4000   1.0000  0.7180  0.6390  0.0790  0.2820    0.295    0.262    3.853      2.43682192
Ch  1.30  0.2559  0.4500   1.0000  0.7134  0.6322  0.0812  0.2866    0.323    0.286    3.958      2.21130952
Ch  1.30  0.2559  0.5000   1.0000  0.7092  0.6261  0.0831  0.2908    0.350    0.309    4.054      2.02522119
Ch  1.30  0.2559  0.6000   1.0000  0.7020  0.6156  0.0865  0.2980    0.404    0.354    4.220      1.73787747
Ch  1.30  0.2559  0.7000   1.0000  0.6959  0.6065  0.0893  0.3041    0.459    0.400    4.369      1.51452389
Ch  1.30  0.2559  0.8000   1.0000  0.6905  0.5986  0.0919  0.3095    0.513    0.444    4.497      1.34666090
Ch  1.30  0.2559  0.9000   1.0000  0.6856  0.5914  0.0942  0.3144    0.562    0.485    4.604      1.22030902
Ch  1.30  0.2559  1.0000   1.0000  0.6812  0.5847  0.0965  0.3188    0.611    0.524    4.701      1.11559089
Ch  1.30  0.2559  1.2500   1.0000  0.6717  0.5702  0.1015  0.3283    0.689    0.585    4.848      0.97475891
Ch  1.30  0.2559  1.5000   1.0000  0.6620  0.5548  0.1072  0.3380    0.746    0.625    4.950      0.88738661
Ch  1.30  0.2559  1.7500   1.0000  0.6527  0.5399  0.1128  0.3473    0.955    0.790    5.234      0.68319732
Ch  1.30  0.2559  2.0000   1.0000  0.6468  0.5300  0.1167  0.3532    1.077    0.883    5.374      0.60052798
Ch  1.30  0.2559  2.2500   1.0000  0.6415  0.5213  0.1203  0.3585    1.212    0.985    5.510      0.52944386
Ch  1.30  0.2559  2.5000   1.0000  0.6372  0.5139  0.1233  0.3628    1.313    1.059    5.605      0.48519113
Ch  1.30  0.2559  2.7500   1.0000  0.6333  0.5072  0.1261  0.3667    1.417    1.135    5.695      0.44679851
Ch  1.30  0.2559  3.0000   1.0000  0.6297  0.5010  0.1287  0.3703    1.528    1.215    5.782      0.41222782
Ch  1.30  0.2559  3.2500   1.0000  0.6265  0.4954  0.1311  0.3735    1.734    1.371    5.925      0.36127417
Ch  1.30  0.2559  3.5000   1.0000  0.6240  0.4909  0.1331  0.3760    1.824    1.435    5.985      0.34201757
Ch  1.30  0.2559  3.7500   1.0000  0.6217  0.4867  0.1350  0.3783    1.914    1.499    6.041      0.32477585
Ch  1.30  0.2559  4.0000   1.0000  0.6195  0.4828  0.1368  0.3805    2.003    1.561    6.094      0.30924862
Ch  1.30  0.2559  4.5000   1.0000  0.6156  0.4755  0.1401  0.3844    2.187    1.689    6.196      0.28156037
Ch  1.30  0.2559  5.0000   1.0000  0.6122  0.4690  0.1432  0.3878    2.366    1.812    6.288      0.25877208
Ch  1.30  0.2559  5.5000   1.0000  0.6091  0.4631  0.1461  0.3909    2.525    1.920    6.364      0.24122053
Ch  1.30  0.2559  6.0000   1.0000  0.6065  0.4578  0.1487  0.3935    2.708    2.044    6.445      0.22391759
Ch  1.30  0.2559  6.5000   1.0000  0.6041  0.4529  0.1512  0.3959    2.889    2.166    6.519      0.20907854
Ch  1.30  0.2559  7.0000   1.0000  0.6019  0.4483  0.1536  0.3981    3.073    2.289    6.590      0.19589078
Ch  1.30  0.2559  7.5000   1.0000  0.6000  0.4441  0.1559  0.4000    3.241    2.399    6.651      0.18513835
Ch  1.30  0.2559  8.0000   1.0000  0.5982  0.4401  0.1581  0.4018    3.401    2.502    6.707      0.17590781
Ch  1.30  0.2559  8.5000   1.0000  0.5965  0.4364  0.1601  0.4035    3.562    2.606    6.760      0.16744465
Ch  1.30  0.2559  9.0000   1.0000  0.5949  0.4328  0.1621  0.4051    3.729    2.713    6.813      0.15955900
Ch  1.30  0.2559  9.5000   1.0000  0.5935  0.4295  0.1640  0.4065    3.898    2.821    6.864      0.15223246
Ch  1.30  0.2559 10.0000   1.0000  0.5921  0.4263  0.1658  0.4079    4.064    2.926    6.911      0.14570572
Ch  1.30  0.2559 10.5000   1.0000  0.5908  0.4232  0.1676  0.4092    4.207    3.013    6.951      0.14045426
Ch  1.30  0.2559 11.0000   1.0000  0.5896  0.4205  0.1691  0.4104    4.376    3.121    6.996      0.13473571
Ch  1.30  0.2559 11.5000   1.0000  0.5885  0.4177  0.1708  0.4115    4.530    3.216    7.036      0.12989919
Ch  1.30  0.2559 12.0000   1.0000  0.5874  0.4151  0.1723  0.4126    4.686    3.311    7.075      0.12536328
Ch  1.30  0.2559 12.5000   1.0000  0.5864  0.4125  0.1739  0.4136    4.842    3.407    7.112      0.12109304
Ch  1.30  0.2559 13.0000   1.0000  0.5854  0.4100  0.1753  0.4146    5.001    3.503    7.149      0.11705643
Ch  1.30  0.2559 13.5000   1.0000  0.5844  0.4076  0.1768  0.4156    5.161    3.600    7.185      0.11324730
Ch  1.30  0.2559 14.0000   1.0000  0.5835  0.4053  0.1782  0.4165    5.295    3.678    7.214      0.11021151
Ch  1.30  0.3971  0.0300   1.0000  0.8265  0.7811  0.0455  0.1735    0.075    0.071    2.215     11.01560489
Ch  1.30  0.3971  0.0400   1.0000  0.8127  0.7644  0.0484  0.1873    0.087    0.082    2.394      9.34052581
Ch  1.30  0.3971  0.0500   1.0000  0.8025  0.7516  0.0509  0.1975    0.097    0.091    2.530      8.24036861
Ch  1.30  0.3971  0.0600   1.0000  0.7946  0.7416  0.0530  0.2054    0.106    0.099    2.629      7.52441322
Ch  1.30  0.3971  0.0700   1.0000  0.7879  0.7329  0.0550  0.2121    0.114    0.106    2.719      6.92775782
Ch  1.30  0.3971  0.0800   1.0000  0.7824  0.7257  0.0567  0.2176    0.121    0.112    2.791      6.48282009
Ch  1.30  0.3971  0.0900   1.0000  0.7776  0.7192  0.0584  0.2224    0.128    0.119    2.863      6.06709762
Ch  1.30  0.3971  0.1000   1.0000  0.7733  0.7133  0.0600  0.2267    0.136    0.126    2.935      5.67505030
Ch  1.30  0.3971  0.1500   1.0000  0.7570  0.6922  0.0649  0.2430    0.168    0.154    3.188      4.49636595
Ch  1.30  0.3971  0.2000   1.0000  0.7454  0.6769  0.0685  0.2546    0.197    0.179    3.376      3.77932381
Ch  1.30  0.3971  0.2500   1.0000  0.7366  0.6651  0.0715  0.2634    0.224    0.203    3.529      3.28284291
Ch  1.30  0.3971  0.3000   1.0000  0.7294  0.6552  0.0742  0.2706    0.252    0.226    3.664      2.89993699
Ch  1.30  0.3971  0.3500   1.0000  0.7234  0.6467  0.0767  0.2766    0.280    0.250    3.789      2.58371362
Ch  1.30  0.3971  0.4000   1.0000  0.7182  0.6393  0.0789  0.2818    0.310    0.276    3.909      2.31405853
Ch  1.30  0.3971  0.4500   1.0000  0.7136  0.6326  0.0810  0.2864    0.340    0.301    4.015      2.09855252
Ch  1.30  0.3971  0.5000   1.0000  0.7096  0.6266  0.0830  0.2904    0.370    0.327    4.112      1.91879202
Ch  1.30  0.3971  0.6000   1.0000  0.7025  0.6162  0.0863  0.2975    0.429    0.377    4.286      1.63587819
Ch  1.30  0.3971  0.7000   1.0000  0.6964  0.6073  0.0891  0.3036    0.491    0.428    4.440      1.41929592
Ch  1.30  0.3971  0.8000   1.0000  0.6910  0.5994  0.0916  0.3090    0.548    0.476    4.569      1.26058560
Ch  1.30  0.3971  0.9000   1.0000  0.6863  0.5924  0.0939  0.3137    0.602    0.520    4.677      1.14030146
Ch  1.30  0.3971  1.0000   1.0000  0.6820  0.5860  0.0961  0.3180    0.653    0.561    4.772      1.04475796
Ch  1.30  0.3971  1.2500   1.0000  0.6727  0.5718  0.1010  0.3273    0.755    0.642    4.946      0.89076303
Ch  1.30  0.3971  1.5000   1.0000  0.6640  0.5580  0.1060  0.3360    0.807    0.678    5.032      0.82261827
Ch  1.30  0.3971  1.7500   1.0000  0.6546  0.5428  0.1117  0.3454    1.023    0.849    5.305      0.63976417
Ch  1.30  0.3971  2.0000   1.0000  0.6485  0.5330  0.1155  0.3515    1.154    0.948    5.445      0.56213490
Ch  1.30  0.3971  2.2500   1.0000  0.6433  0.5243  0.1191  0.3567    1.292    1.053    5.577      0.49808728
Ch  1.30  0.3971  2.5000   1.0000  0.6388  0.5167  0.1221  0.3612    1.420    1.148    5.687      0.44997694
Ch  1.30  0.3971  2.7500   1.0000  0.6349  0.5100  0.1249  0.3651    1.533    1.232    5.777      0.41409158
Ch  1.30  0.3971  3.0000   1.0000  0.6313  0.5038  0.1275  0.3687    1.648    1.315    5.862      0.38312985
Ch  1.30  0.3971  3.2500   1.0000  0.6281  0.4981  0.1299  0.3719    1.824    1.447    5.978      0.34428139
Ch  1.30  0.3971  3.5000   1.0000  0.6254  0.4933  0.1321  0.3746    1.991    1.570    6.077      0.31411602
Ch  1.30  0.3971  3.7500   1.0000  0.6230  0.4891  0.1339  0.3770    2.089    1.640    6.133      0.29828292
Ch  1.30  0.3971  4.0000   1.0000  0.6209  0.4852  0.1356  0.3791    2.186    1.708    6.187      0.28404647
Ch  1.30  0.3971  4.5000   1.0000  0.6162  0.4772  0.1389  0.3838    2.433    1.885    6.311      0.25320057
Ch  1.30  0.3971  5.0000   1.0000  0.6135  0.4715  0.1420  0.3865    2.604    2.001    6.390      0.23560304
Ch  1.30  0.3971  5.5000   1.0000  0.6104  0.4655  0.1449  0.3896    2.714    2.070    6.440      0.22488265
Ch  1.30  0.3971  6.0000   1.0000  0.6077  0.4602  0.1475  0.3923    2.913    2.206    6.522      0.20862331
Ch  1.30  0.3971  6.5000   1.0000  0.6053  0.4553  0.1500  0.3947    3.109    2.339    6.597      0.19466383
Ch  1.30  0.3971  7.0000   1.0000  0.6030  0.4507  0.1524  0.3970    3.305    2.470    6.667      0.18245040
Ch  1.30  0.3971  7.5000   1.0000  0.6010  0.4464  0.1547  0.3990    3.531    2.622    6.742      0.17022052
Ch  1.30  0.3971  8.0000   1.0000  0.5992  0.4425  0.1568  0.4008    3.708    2.738    6.799      0.16161012
Ch  1.30  0.3971  8.5000   1.0000  0.5975  0.4387  0.1588  0.4025    3.887    2.854    6.853      0.15372860
Ch  1.30  0.3971  9.0000   1.0000  0.5960  0.4352  0.1607  0.4040    4.069    2.972    6.906      0.14645587
Ch  1.30  0.3971  9.5000   1.0000  0.5945  0.4319  0.1626  0.4055    4.256    3.092    6.957      0.13968736
Ch  1.30  0.3971 10.0000   1.0000  0.5931  0.4287  0.1644  0.4069    4.447    3.214    7.007      0.13336511
Ch  1.30  0.3971 10.5000   1.0000  0.5918  0.4257  0.1662  0.4082    4.638    3.336    7.055      0.12760143
Ch  1.30  0.3971 11.0000   1.0000  0.5907  0.4230  0.1677  0.4093    4.778    3.422    7.090      0.12361023
Ch  1.30  0.3971 11.5000   1.0000  0.5895  0.4202  0.1693  0.4105    4.950    3.528    7.130      0.11909521
Ch  1.30  0.3971 12.0000   1.0000  0.5884  0.4175  0.1709  0.4116    5.122    3.635    7.170      0.11486682
Ch  1.30  0.3971 12.5000   1.0000  0.5873  0.4150  0.1724  0.4127    5.297    3.742    7.208      0.11089269
Ch  1.30  0.3971 13.0000   1.0000  0.5863  0.4125  0.1739  0.4137    5.473    3.850    7.245      0.10714249
Ch  1.30  0.3971 13.5000   1.0000  0.5854  0.4101  0.1753  0.4146    5.651    3.959    7.282      0.10358918
Ch  1.30  0.3971 14.0000   1.0000  0.5845  0.4078  0.1767  0.4155    5.831    4.068    7.317      0.10023222
