Kb  1.30 -2.3152  0.0631   2.300  2.903  3.029  3.051  3.083  3.120  3.042  3.020 -0.729 -0.126 -0.022 -0.054 -0.091 -0.012  0.009    0.041    0.082    0.163    0.233    0.319    0.493    0.616    0.637  2.908  3.022  3.058  3.081 -0.115 -0.036 -0.059
Kb  1.30 -2.3152  0.0708   2.387  2.966  3.081  3.098  3.120  3.140  3.051  3.027 -0.694 -0.116 -0.016 -0.039 -0.059  0.031  0.054    0.044    0.087    0.171    0.241    0.328    0.500    0.618    0.638  2.970  3.075  3.103  3.119 -0.105 -0.028 -0.044
Kb  1.30 -2.3152  0.0794   2.470  3.024  3.128  3.138  3.152  3.155  3.054  3.029 -0.658 -0.105 -0.010 -0.023 -0.026  0.074  0.099    0.047    0.091    0.177    0.249    0.336    0.504    0.616    0.635  3.028  3.123  3.142  3.151 -0.095 -0.019 -0.029
Kb  1.30 -2.3152  0.0891   2.549  3.080  3.174  3.178  3.182  3.168  3.057  3.029 -0.625 -0.094 -0.004 -0.008  0.006  0.117  0.145    0.050    0.095    0.184    0.257    0.344    0.507    0.614    0.632  3.084  3.169  3.180  3.183 -0.085 -0.011 -0.013
Kb  1.30 -2.3152  0.1000   2.643  3.152  3.236  3.234  3.229  3.201  3.083  3.054 -0.593 -0.083  0.002  0.007  0.035  0.153  0.181    0.055    0.101    0.193    0.269    0.357    0.520    0.626    0.643  3.157  3.232  3.235  3.231 -0.075 -0.003  0.001
Kb  1.30 -2.3152  0.1122   2.720  3.208  3.279  3.269  3.253  3.203  3.072  3.041 -0.559 -0.071  0.010  0.026  0.075  0.207  0.238    0.058    0.106    0.200    0.276    0.363    0.518    0.616    0.632  3.212  3.275  3.268  3.256 -0.063  0.008  0.020
Kb  1.30 -2.3152  0.1259   2.796  3.262  3.321  3.302  3.273  3.201  3.053  3.021 -0.525 -0.058  0.019  0.047  0.120  0.267  0.300    0.062    0.111    0.207    0.283    0.367    0.514    0.602    0.616  3.266  3.318  3.298  3.277 -0.051  0.020  0.041
Kb  1.30 -2.3152  0.1413   2.884  3.326  3.372  3.345  3.308  3.218  3.059  3.023 -0.488 -0.047  0.027  0.065  0.154  0.314  0.349    0.067    0.116    0.215    0.293    0.377    0.519    0.601    0.614  3.330  3.370  3.340  3.313 -0.040  0.030  0.057
Kb  1.30 -2.3152  0.1585   2.894  3.179  2.884  2.574  2.216  1.653  1.115  0.996  0.010  0.295  0.310  0.668  1.231  1.769  1.887    0.067    0.101    0.137    0.143    0.137    0.122    0.100    0.094  3.202  2.892  2.511  2.243  0.309  0.381  0.649
Kb  1.30 -2.3152  0.1778   2.976  3.231  2.918  2.598  2.232  1.659  1.115  0.995  0.059  0.313  0.319  0.686  1.259  1.803  1.923    0.072    0.106    0.140    0.146    0.138    0.122    0.099    0.094  3.254  2.927  2.534  2.259  0.328  0.393  0.668
Kb  1.30 -2.3152  0.1995   3.058  3.284  2.953  2.624  2.249  1.666  1.116  0.994  0.105  0.331  0.329  0.704  1.287  1.837  1.958    0.077    0.110    0.144    0.148    0.140    0.122    0.099    0.093  3.309  2.963  2.558  2.277  0.346  0.405  0.686
Kb  1.30 -2.3152  0.2239   3.144  3.342  2.992  2.653  2.268  1.675  1.119  0.996  0.152  0.350  0.339  0.724  1.317  1.873  1.996    0.083    0.116    0.148    0.151    0.141    0.122    0.098    0.093  3.368  3.002  2.585  2.297  0.365  0.417  0.705
Kb  1.30 -2.3152  0.2512   3.229  3.402  3.033  2.684  2.291  1.688  1.125  1.000  0.196  0.368  0.349  0.743  1.346  1.908  2.033    0.089    0.121    0.153    0.155    0.143    0.123    0.098    0.092  3.428  3.044  2.615  2.320  0.384  0.429  0.724
Kb  1.30 -2.3152  0.2818   3.335  3.481  3.089  2.727  2.322  1.707  1.136  1.009  0.246  0.392  0.362  0.767  1.382  1.953  2.080    0.098    0.130    0.160    0.160    0.147    0.125    0.099    0.093  3.509  3.100  2.656  2.352  0.409  0.444  0.749
Kb  1.30 -2.3152  0.3162   3.432  3.567  3.194  2.847  2.453  1.850  1.286  1.160  0.238  0.373  0.347  0.741  1.345  1.908  2.034    0.107    0.140    0.175    0.178    0.165    0.141    0.113    0.106  3.593  3.205  2.778  2.482  0.388  0.427  0.723
Kb  1.30 -2.3152  0.3548   3.527  3.638  3.265  2.921  2.531  1.931  1.371  1.246  0.262  0.373  0.344  0.734  1.334  1.894  2.019    0.116    0.148    0.186    0.189    0.176    0.151    0.121    0.114  3.663  3.276  2.853  2.560  0.387  0.423  0.716
Kb  1.30 -2.3152  0.3981   3.630  3.721  3.349  3.008  2.621  2.023  1.466  1.341  0.282  0.372  0.340  0.728  1.325  1.883  2.008    0.126    0.159    0.200    0.204    0.190    0.164    0.131    0.124  3.746  3.360  2.941  2.650  0.386  0.419  0.710
Kb  1.30 -2.3152  0.4467   3.757  3.847  3.495  3.171  2.798  2.217  1.672  1.549  0.262  0.352  0.324  0.697  1.277  1.823  1.946    0.141    0.178    0.227    0.235    0.222    0.195    0.158    0.149  3.870  3.506  3.106  2.826  0.364  0.400  0.680
Kb  1.30 -2.3152  0.5012   3.835  3.914  3.559  3.236  2.866  2.291  1.751  1.630  0.276  0.355  0.323  0.693  1.268  1.808  1.929    0.151    0.188    0.240    0.249    0.235    0.207    0.169    0.159  3.937  3.570  3.172  2.895  0.366  0.399  0.676
Kb  1.30 -2.3152  0.5623   3.915  3.986  3.626  3.304  2.935  2.364  1.830  1.710  0.289  0.360  0.322  0.691  1.262  1.797  1.916    0.161    0.200    0.254    0.263    0.249    0.220    0.181    0.171  4.008  3.638  3.239  2.963  0.370  0.399  0.674
Kb  1.30 -2.3152  0.6310   3.998  4.064  3.697  3.373  3.004  2.438  1.908  1.789  0.301  0.367  0.324  0.693  1.259  1.789  1.907    0.173    0.213    0.269    0.279    0.264    0.235    0.193    0.183  4.086  3.709  3.308  3.033  0.377  0.401  0.677
Kb  1.30 -2.3152  0.7079   4.096  4.158  3.784  3.458  3.087  2.523  1.994  1.877  0.313  0.374  0.326  0.697  1.261  1.789  1.907    0.189    0.231    0.290    0.300    0.284    0.252    0.208    0.197  4.180  3.797  3.392  3.116  0.383  0.405  0.681
Kb  1.30 -2.3152  0.7943   4.215  4.279  3.915  3.598  3.236  2.685  2.167  2.051  0.300  0.364  0.317  0.679  1.230  1.748  1.864    0.209    0.257    0.326    0.339    0.323    0.291    0.242    0.230  4.300  3.928  3.534  3.264  0.372  0.394  0.664
Kb  1.30 -2.3152  0.8913   4.300  4.359  3.991  3.674  3.312  2.767  2.253  2.139  0.309  0.368  0.317  0.679  1.224  1.738  1.852    0.225    0.275    0.348    0.362    0.345    0.313    0.261    0.248  4.380  4.005  3.610  3.341  0.376  0.395  0.663
Kb  1.30 -2.3152  1.0000   4.372  4.426  4.050  3.732  3.371  2.834  2.326  2.214  0.323  0.377  0.318  0.678  1.216  1.723  1.836    0.240    0.291    0.365    0.380    0.363    0.331    0.278    0.265  4.447  4.064  3.668  3.401  0.383  0.396  0.663
Kb  1.30 -2.3152  1.1220   4.459  4.489  4.060  3.716  3.336  2.779  2.266  2.154  0.400  0.429  0.344  0.724  1.281  1.793  1.905    0.258    0.307    0.366    0.372    0.349    0.313    0.262    0.249  4.513  4.075  3.647  3.366  0.438  0.428  0.709
Kb  1.30 -2.3152  1.2589   4.579  4.559  4.032  3.636  3.216  2.610  2.074  1.958  0.547  0.527  0.396  0.817  1.422  1.958  2.074    0.286    0.325    0.355    0.343    0.311    0.266    0.218    0.206  4.591  4.050  3.559  3.248  0.541  0.491  0.801
Kb  1.30 -2.3152  1.4125   4.827  4.833  4.365  4.004  3.613  3.043  2.536  2.428  0.462  0.468  0.361  0.752  1.323  1.829  1.937    0.358    0.416    0.479    0.479    0.445    0.394    0.331    0.316  4.860  4.383  3.933  3.646  0.477  0.450  0.737
Kb  1.30 -2.3152  1.5849   4.899  4.900  4.421  4.057  3.664  3.092  2.591  2.485  0.478  0.479  0.365  0.757  1.329  1.830  1.936    0.380    0.440    0.502    0.500    0.464    0.410    0.347    0.332  4.927  4.439  3.985  3.696  0.487  0.454  0.743
Kb  1.30 -2.3152  1.7783   5.020  5.019  4.527  4.156  3.759  3.185  2.686  2.582  0.493  0.492  0.370  0.768  1.342  1.841  1.945    0.423    0.489    0.550    0.546    0.504    0.444    0.376    0.361  5.047  4.545  4.084  3.792  0.501  0.461  0.753
Kb  1.30 -2.3152  1.9953   5.159  5.162  4.671  4.304  3.908  3.340  2.846  2.743  0.488  0.491  0.367  0.763  1.331  1.825  1.928    0.478    0.555    0.626    0.622    0.576    0.510    0.434    0.417  5.189  4.690  4.232  3.942  0.499  0.458  0.748
Kb  1.30 -2.3152  2.2387   5.268  5.273  4.776  4.407  4.011  3.444  2.952  2.851  0.492  0.497  0.369  0.765  1.332  1.824  1.925    0.526    0.612    0.686    0.681    0.630    0.558    0.476    0.458  5.300  4.796  4.336  4.045  0.505  0.460  0.750
Kb  1.30 -2.3152  2.5119   5.375  5.393  4.905  4.543  4.153  3.596  3.114  3.015  0.470  0.488  0.362  0.752  1.309  1.791  1.890    0.578    0.680    0.769    0.768    0.714    0.640    0.550    0.530  5.420  4.925  4.473  4.187  0.495  0.452  0.738
Kb  1.30 -2.3152  2.8184   5.477  5.504  5.007  4.642  4.249  3.696  3.216  3.118  0.470  0.497  0.366  0.758  1.312  1.791  1.889    0.633    0.751    0.842    0.838    0.778    0.698    0.602    0.580  5.531  5.028  4.571  4.285  0.503  0.456  0.743
Kb  1.30 -2.3152  3.1623   5.566  5.603  5.101  4.734  4.342  3.792  3.316  3.220  0.465  0.502  0.367  0.759  1.309  1.785  1.881    0.684    0.819    0.914    0.909    0.844    0.760    0.658    0.635  5.630  5.122  4.664  4.378  0.508  0.459  0.745
Kb  1.30 -2.3152  3.5481   5.658  5.704  5.192  4.821  4.427  3.879  3.406  3.310  0.466  0.512  0.371  0.765  1.313  1.786  1.881    0.741    0.895    0.990    0.981    0.908    0.820    0.712    0.688  5.731  5.214  4.750  4.463  0.518  0.463  0.751
Kb  1.30 -2.3152  3.9811   5.765  5.819  5.295  4.919  4.522  3.975  3.503  3.409  0.470  0.525  0.376  0.773  1.320  1.791  1.886    0.815    0.992    1.084    1.069    0.988    0.892    0.775    0.750  5.848  5.317  4.848  4.559  0.530  0.469  0.758
Kb  1.30 -2.3152  4.4668   5.874  5.937  5.404  5.024  4.625  4.081  3.611  3.517  0.471  0.534  0.379  0.778  1.323  1.793  1.886    0.897    1.101    1.193    1.173    1.081    0.980    0.853    0.825  5.966  5.427  4.953  4.663  0.539  0.474  0.764
Kb  1.30 -2.3152  5.0119   5.981  6.052  5.511  5.128  4.727  4.187  3.720  3.628  0.471  0.541  0.383  0.784  1.324  1.791  1.883    0.986    1.218    1.311    1.285    1.183    1.076    0.939    0.910  6.081  5.535  5.057  4.766  0.546  0.478  0.769
Kb  1.30 -2.3152  5.6234   6.073  6.150  5.602  5.215  4.811  4.275  3.810  3.718  0.472  0.549  0.387  0.791  1.327  1.792  1.883    1.070    1.329    1.421    1.387    1.273    1.163    1.016    0.985  6.180  5.627  5.143  4.851  0.553  0.483  0.776
Kb  1.30 -2.3152  6.3096   6.183  6.264  5.707  5.315  4.908  4.375  3.911  3.820  0.476  0.557  0.392  0.799  1.331  1.796  1.886    1.179    1.471    1.560    1.516    1.388    1.271    1.112    1.079  6.295  5.733  5.243  4.949  0.562  0.489  0.784
Kb  1.30 -2.3152  7.0795   6.276  6.360  5.795  5.399  4.990  4.460  3.997  3.907  0.481  0.565  0.396  0.805  1.335  1.798  1.888    1.281    1.602    1.687    1.634    1.493    1.370    1.199    1.165  6.391  5.822  5.328  5.032  0.569  0.494  0.790
Kb  1.30 -2.3152  7.9433   6.371  6.455  5.882  5.482  5.070  4.540  4.077  3.988  0.489  0.573  0.400  0.812  1.342  1.805  1.894    1.394    1.743    1.821    1.757    1.601    1.470    1.287    1.251  6.487  5.909  5.410  5.113  0.578  0.499  0.796
Kb  1.30 -2.3152  8.9125   6.468  6.555  5.977  5.574  5.162  4.633  4.171  4.083  0.492  0.579  0.402  0.815  1.344  1.805  1.894    1.519    1.906    1.981    1.907    1.736    1.596    1.399    1.361  6.588  6.005  5.503  5.206  0.583  0.502  0.799
Kb  1.30 -2.3152 10.0000   6.582  6.670  6.090  5.687  5.276  4.752  4.293  4.205  0.492  0.580  0.403  0.814  1.338  1.797  1.884    1.681    2.111    2.192    2.109    1.924    1.775    1.560    1.519  6.703  6.119  5.617  5.321  0.584  0.502  0.797
Kb  1.30 -2.3152 11.2202   6.638  6.719  6.131  5.725  5.312  4.785  4.324  4.236  0.507  0.588  0.406  0.819  1.346  1.807  1.895    1.766    2.202    2.271    2.178    1.984    1.825    1.601    1.557  6.753  6.160  5.655  5.358  0.592  0.505  0.802
Kb  1.30 -2.3152 12.5893   6.716  6.795  6.211  5.805  5.393  4.868  4.407  4.320  0.505  0.584  0.406  0.818  1.342  1.803  1.891    1.883    2.344    2.425    2.327    2.121    1.956    1.717    1.670  6.828  6.240  5.736  5.440  0.588  0.504  0.800
Kb  1.30 -2.3152 14.1254   6.849  6.928  6.348  5.943  5.532  5.012  4.553  4.467  0.501  0.580  0.405  0.815  1.336  1.794  1.881    2.107    2.622    2.723    2.616    2.387    2.210    1.943    1.893  6.961  6.378  5.876  5.582  0.583  0.503  0.797
Kb  1.30 -2.3152 15.8489   6.934  7.007  6.429  6.024  5.614  5.093  4.633  4.547  0.505  0.578  0.405  0.815  1.337  1.796  1.882    2.260    2.798    2.911    2.795    2.551    2.360    2.074    2.021  7.042  6.461  5.958  5.664  0.581  0.502  0.796
Kb  1.30 -2.3152 17.7828   6.988  7.060  6.486  6.080  5.669  5.145  4.683  4.596  0.502  0.574  0.406  0.817  1.341  1.803  1.890    2.351    2.908    3.037    2.914    2.657    2.452    2.150    2.093  7.095  6.518  6.015  5.721  0.577  0.503  0.797
Kb  1.30 -1.7129  0.0631   2.201  2.685  2.727  2.690  2.641  2.518  2.326  2.291 -0.526 -0.042  0.036  0.086  0.209  0.401  0.436    0.037    0.067    0.124    0.167    0.213    0.284    0.319    0.326  2.690  2.725  2.682  2.646 -0.035  0.042  0.078
Kb  1.30 -1.7129  0.0708   2.302  2.770  2.805  2.764  2.709  2.578  2.380  2.343 -0.503 -0.035  0.041  0.096  0.227  0.425  0.462    0.041    0.072    0.132    0.178    0.225    0.298    0.333    0.340  2.775  2.803  2.755  2.715 -0.028  0.048  0.088
Kb  1.30 -1.7129  0.0794   2.396  2.843  2.868  2.822  2.759  2.618  2.413  2.376 -0.472 -0.025  0.046  0.109  0.250  0.455  0.491    0.044    0.077    0.140    0.187    0.235    0.308    0.342    0.349  2.848  2.867  2.811  2.766 -0.019  0.055  0.101
Kb  1.30 -1.7129  0.0891   2.482  2.910  2.924  2.870  2.798  2.642  2.426  2.388 -0.442 -0.014  0.053  0.126  0.282  0.498  0.536    0.047    0.081    0.146    0.194    0.242    0.313    0.344    0.351  2.915  2.923  2.858  2.806 -0.008  0.065  0.117
Kb  1.30 -1.7129  0.1000   2.581  2.990  2.993  2.932  2.851  2.680  2.453  2.413 -0.412 -0.003  0.061  0.142  0.313  0.540  0.580    0.052    0.087    0.155    0.204    0.252    0.323    0.351    0.357  2.995  2.993  2.919  2.859  0.002  0.074  0.134
Kb  1.30 -1.7129  0.1122   2.629  2.900  2.620  2.317  1.963  1.385  0.821  0.705  0.009  0.280  0.303  0.657  1.235  1.799  1.915    0.054    0.080    0.109    0.115    0.111    0.097    0.078    0.074  2.922  2.628  2.255  1.989  0.294  0.373  0.639
Kb  1.30 -1.7129  0.1259   2.735  2.973  2.664  2.342  1.971  1.372  0.795  0.675  0.071  0.309  0.322  0.693  1.291  1.869  1.988    0.059    0.085    0.113    0.117    0.111    0.096    0.075    0.071  2.996  2.672  2.277  1.998  0.324  0.395  0.674
Kb  1.30 -1.7129  0.1413   2.832  3.044  2.721  2.391  2.013  1.404  0.819  0.697  0.111  0.323  0.329  0.708  1.317  1.902  2.024    0.064    0.090    0.119    0.122    0.115    0.098    0.077    0.072  3.068  2.730  2.325  2.041  0.338  0.405  0.689
Kb  1.30 -1.7129  0.1585   2.935  3.120  2.774  2.432  2.041  1.416  0.821  0.695  0.160  0.345  0.343  0.734  1.359  1.954  2.079    0.070    0.096    0.124    0.126    0.117    0.098    0.076    0.072  3.144  2.784  2.363  2.069  0.360  0.421  0.715
Kb  1.30 -1.7129  0.1778   3.032  3.195  2.837  2.488  2.090  1.454  0.852  0.724  0.194  0.358  0.350  0.748  1.384  1.986  2.113    0.076    0.102    0.131    0.132    0.122    0.101    0.078    0.073  3.221  2.848  2.418  2.119  0.373  0.430  0.729
Kb  1.30 -1.7129  0.1995   3.127  3.272  2.898  2.538  2.130  1.481  0.869  0.738  0.229  0.374  0.360  0.768  1.417  2.029  2.160    0.083    0.109    0.137    0.137    0.126    0.103    0.079    0.074  3.298  2.909  2.467  2.160  0.389  0.442  0.749
Kb  1.30 -1.7129  0.2239   3.232  3.368  2.995  2.636  2.228  1.576  0.962  0.830  0.237  0.373  0.358  0.767  1.418  2.033  2.165    0.090    0.119    0.149    0.149    0.137    0.112    0.085    0.080  3.394  3.006  2.565  2.258  0.388  0.440  0.748
Kb  1.30 -1.7129  0.2512   3.321  3.450  3.082  2.730  2.326  1.679  1.067  0.934  0.238  0.367  0.352  0.756  1.404  2.015  2.148    0.098    0.127    0.161    0.162    0.149    0.122    0.094    0.087  3.474  3.094  2.661  2.356  0.381  0.433  0.737
Kb  1.30 -1.7129  0.2818   3.414  3.540  3.184  2.841  2.443  1.803  1.195  1.062  0.230  0.356  0.343  0.741  1.381  1.989  2.122    0.106    0.137    0.175    0.178    0.165    0.137    0.105    0.098  3.564  3.195  2.772  2.473  0.368  0.423  0.722
Kb  1.30 -1.7129  0.3162   3.517  3.647  3.305  2.974  2.589  1.964  1.366  1.235  0.212  0.342  0.331  0.716  1.341  1.939  2.070    0.116    0.151    0.195    0.200    0.187    0.157    0.122    0.114  3.668  3.316  2.908  2.618  0.352  0.408  0.698
Kb  1.30 -1.7129  0.3548   3.607  3.726  3.377  3.044  2.658  2.036  1.441  1.311  0.230  0.349  0.333  0.719  1.341  1.936  2.066    0.125    0.161    0.207    0.212    0.198    0.167    0.130    0.121  3.748  3.389  2.977  2.688  0.360  0.412  0.701
Kb  1.30 -1.7129  0.3981   3.709  3.816  3.457  3.120  2.733  2.111  1.519  1.389  0.252  0.359  0.337  0.724  1.345  1.938  2.067    0.136    0.174    0.222    0.227    0.211    0.178    0.139    0.130  3.838  3.469  3.053  2.763  0.369  0.416  0.706
Kb  1.30 -1.7129  0.4467   3.813  3.909  3.543  3.204  2.815  2.195  1.603  1.473  0.270  0.365  0.339  0.728  1.349  1.941  2.070    0.149    0.189    0.239    0.244    0.227    0.191    0.149    0.139  3.931  3.556  3.137  2.846  0.375  0.419  0.710
Kb  1.30 -1.7129  0.5012   3.916  4.005  3.643  3.310  2.928  2.320  1.737  1.610  0.272  0.361  0.333  0.716  1.323  1.906  2.034    0.163    0.205    0.260    0.267    0.250    0.214    0.168    0.157  4.026  3.656  3.244  2.958  0.370  0.412  0.698
Kb  1.30 -1.7129  0.5623   4.024  4.097  3.725  3.389  3.004  2.398  1.817  1.690  0.298  0.372  0.336  0.721  1.327  1.908  2.035    0.179    0.222    0.279    0.286    0.267    0.228    0.179    0.168  4.119  3.739  3.322  3.035  0.380  0.417  0.704
Kb  1.30 -1.7129  0.6310   4.156  4.210  3.819  3.475  3.085  2.474  1.893  1.766  0.337  0.391  0.344  0.734  1.345  1.926  2.052    0.201    0.245    0.303    0.307    0.286    0.243    0.191    0.180  4.233  3.833  3.407  3.116  0.399  0.426  0.717
Kb  1.30 -1.7129  0.7079   4.275  4.317  3.920  3.578  3.195  2.593  2.025  1.902  0.355  0.398  0.341  0.725  1.326  1.895  2.018    0.223    0.269    0.330    0.336    0.314    0.270    0.215    0.202  4.340  3.934  3.511  3.226  0.406  0.423  0.709
Kb  1.30 -1.7129  0.7943   4.386  4.412  3.998  3.650  3.263  2.659  2.095  1.974  0.388  0.414  0.348  0.735  1.339  1.903  2.024    0.246    0.292    0.353    0.357    0.333    0.286    0.228    0.215  4.435  4.014  3.582  3.295  0.422  0.432  0.719
Kb  1.30 -1.7129  0.8913   4.506  4.517  4.088  3.735  3.344  2.738  2.180  2.061  0.418  0.428  0.354  0.745  1.350  1.909  2.027    0.273    0.319    0.382    0.384    0.357    0.306    0.245    0.232  4.541  4.105  3.665  3.376  0.436  0.439  0.729
Kb  1.30 -1.7129  1.0000   4.615  4.617  4.178  3.825  3.434  2.833  2.284  2.170  0.437  0.439  0.353  0.744  1.345  1.894  2.009    0.301    0.349    0.412    0.415    0.386    0.332    0.268    0.255  4.641  4.195  3.756  3.467  0.446  0.439  0.728
Kb  1.30 -1.7129  1.1220   4.692  4.676  4.200  3.830  3.425  2.809  2.255  2.141  0.492  0.476  0.370  0.775  1.391  1.945  2.059    0.321    0.366    0.419    0.415    0.381    0.323    0.260    0.247  4.702  4.218  3.757  3.458  0.485  0.460  0.759
Kb  1.30 -1.7129  1.2589   4.773  4.719  4.185  3.784  3.356  2.715  2.146  2.030  0.587  0.533  0.401  0.829  1.470  2.039  2.156    0.344    0.379    0.411    0.396    0.355    0.294    0.234    0.222  4.750  4.204  3.707  3.391  0.546  0.497  0.813
Kb  1.30 -1.7129  1.4125   5.033  4.971  4.469  4.086  3.676  3.054  2.501  2.389  0.564  0.502  0.382  0.793  1.415  1.968  2.080    0.434    0.474    0.529    0.519    0.473    0.399    0.322    0.306  5.000  4.487  4.013  3.710  0.512  0.475  0.777
Kb  1.30 -1.7129  1.5849   5.132  5.064  4.549  4.163  3.750  3.130  2.580  2.468  0.583  0.515  0.386  0.799  1.419  1.969  2.081    0.473    0.514    0.567    0.553    0.504    0.426    0.344    0.328  5.093  4.568  4.088  3.785  0.525  0.480  0.783
Kb  1.30 -1.7129  1.7783   5.233  5.161  4.629  4.235  3.818  3.198  2.650  2.539  0.604  0.533  0.394  0.811  1.431  1.979  2.089    0.516    0.559    0.607    0.589    0.534    0.451    0.365    0.348  5.192  4.649  4.160  3.853  0.543  0.489  0.795
Kb  1.30 -1.7129  1.9953   5.342  5.270  4.725  4.327  3.909  3.292  2.749  2.640  0.617  0.545  0.398  0.817  1.433  1.976  2.085    0.568    0.615    0.660    0.638    0.578    0.490    0.398    0.380  5.301  4.746  4.251  3.944  0.556  0.495  0.801
Kb  1.30 -1.7129  2.2387   5.449  5.380  4.828  4.427  4.008  3.394  2.853  2.745  0.622  0.552  0.400  0.819  1.433  1.974  2.082    0.624    0.678    0.722    0.697    0.631    0.536    0.437    0.417  5.412  4.849  4.351  4.045  0.563  0.497  0.804
Kb  1.30 -1.7129  2.5119   5.558  5.494  4.941  4.544  4.127  3.520  2.985  2.878  0.617  0.552  0.398  0.814  1.422  1.957  2.063    0.687    0.749    0.798    0.771    0.700    0.598    0.490    0.469  5.525  4.963  4.468  4.164  0.562  0.495  0.799
Kb  1.30 -1.7129  2.8184   5.642  5.581  5.031  4.635  4.221  3.619  3.088  2.983  0.611  0.550  0.396  0.810  1.412  1.943  2.048    0.738    0.808    0.862    0.835    0.759    0.652    0.537    0.514  5.613  5.053  4.560  4.258  0.560  0.492  0.795
Kb  1.30 -1.7129  3.1623   5.768  5.710  5.151  4.753  4.339  3.742  3.216  3.112  0.618  0.559  0.398  0.812  1.409  1.935  2.038    0.826    0.906    0.959    0.927    0.843    0.727    0.601    0.577  5.741  5.173  4.678  4.376  0.568  0.495  0.797
Kb  1.30 -1.7129  3.5481   5.892  5.837  5.267  4.865  4.449  3.855  3.332  3.229  0.625  0.570  0.402  0.818  1.412  1.935  2.038    0.921    1.014    1.063    1.024    0.929    0.804    0.666    0.640  5.869  5.290  4.790  4.487  0.579  0.500  0.803
Kb  1.30 -1.7129  3.9811   6.005  5.956  5.378  4.973  4.556  3.968  3.449  3.348  0.627  0.577  0.405  0.823  1.410  1.929  2.030    1.019    1.127    1.173    1.127    1.021    0.889    0.740    0.711  5.989  5.402  4.898  4.595  0.586  0.504  0.808
Kb  1.30 -1.7129  4.4668   6.117  6.073  5.489  5.081  4.662  4.080  3.565  3.465  0.628  0.584  0.408  0.827  1.409  1.924  2.024    1.124    1.250    1.294    1.239    1.122    0.981    0.819    0.788  6.106  5.514  5.006  4.702  0.592  0.508  0.812
Kb  1.30 -1.7129  5.0119   6.216  6.182  5.591  5.181  4.761  4.185  3.674  3.576  0.625  0.590  0.410  0.830  1.407  1.917  2.015    1.228    1.377    1.416    1.354    1.224    1.077    0.902    0.870  6.215  5.617  5.106  4.802  0.599  0.511  0.815
Kb  1.30 -1.7129  5.6234   6.317  6.289  5.688  5.273  4.850  4.275  3.766  3.669  0.629  0.601  0.415  0.838  1.413  1.922  2.019    1.342    1.514    1.543    1.468    1.324    1.166    0.979    0.944  6.324  5.714  5.198  4.892  0.610  0.516  0.822
Kb  1.30 -1.7129  6.3096   6.408  6.398  5.790  5.372  4.948  4.375  3.869  3.773  0.619  0.609  0.418  0.842  1.414  1.920  2.016    1.455    1.669    1.688    1.602    1.444    1.274    1.073    1.036  6.434  5.816  5.297  4.990  0.617  0.520  0.826
Kb  1.30 -1.7129  7.0795   6.490  6.492  5.874  5.454  5.029  4.458  3.955  3.860  0.616  0.618  0.421  0.846  1.417  1.920  2.015    1.563    1.813    1.819    1.721    1.550    1.370    1.156    1.118  6.528  5.902  5.379  5.072  0.626  0.523  0.830
Kb  1.30 -1.7129  7.9433   6.584  6.585  5.957  5.533  5.107  4.536  4.035  3.941  0.626  0.627  0.424  0.851  1.422  1.923  2.016    1.698    1.967    1.956    1.845    1.660    1.467    1.240    1.200  6.622  5.986  5.458  5.151  0.636  0.527  0.835
Kb  1.30 -1.7129  8.9125   6.678  6.677  6.042  5.615  5.188  4.618  4.119  4.027  0.636  0.635  0.427  0.854  1.424  1.923  2.015    1.846    2.135    2.108    1.984    1.783    1.577    1.337    1.295  6.715  6.071  5.541  5.233  0.644  0.530  0.838
Kb  1.30 -1.7129 10.0000   6.785  6.785  6.148  5.720  5.294  4.728  4.233  4.142  0.637  0.637  0.428  0.854  1.420  1.914  2.006    2.031    2.352    2.317    2.179    1.959    1.740    1.480    1.435  6.824  6.178  5.647  5.340  0.646  0.531  0.837
Kb  1.30 -1.7129 11.2202   6.870  6.869  6.226  5.797  5.370  4.804  4.312  4.222  0.644  0.643  0.430  0.857  1.422  1.914  2.004    2.189    2.532    2.482    2.330    2.094    1.861    1.586    1.540  6.908  6.256  5.724  5.417  0.652  0.533  0.839
Kb  1.30 -1.7129 12.5893   6.955  6.952  6.306  5.875  5.448  4.885  4.395  4.305  0.649  0.646  0.431  0.858  1.421  1.911  2.001    2.356    2.720    2.658    2.492    2.239    1.993    1.703    1.654  6.992  6.337  5.803  5.497  0.655  0.534  0.840
Kb  1.30 -1.7129 14.1254   7.042  7.035  6.394  5.965  5.541  4.984  4.497  4.408  0.648  0.641  0.429  0.853  1.410  1.897  1.986    2.526    2.905    2.853    2.681    2.415    2.162    1.853    1.800  7.074  6.426  5.895  5.591  0.649  0.531  0.835
Kb  1.30 -1.7129 15.8489   7.121  7.111  6.474  6.045  5.621  5.066  4.579  4.490  0.647  0.637  0.428  0.853  1.408  1.894  1.984    2.695    3.090    3.045    2.862    2.578    2.313    1.982    1.925  7.150  6.506  5.976  5.672  0.645  0.530  0.834
Kb  1.30 -1.7129 17.7828   7.203  7.183  6.558  6.133  5.711  5.157  4.670  4.580  0.645  0.624  0.425  0.847  1.401  1.888  1.978    2.878    3.268    3.258    3.070    2.772    2.490    2.132    2.071  7.222  6.591  6.066  5.764  0.632  0.525  0.827
Kb  1.30 -1.3146  0.0631   2.214  2.607  2.559  2.459  2.332  2.074  1.784  1.734 -0.345  0.049  0.100  0.227  0.485  0.775  0.825    0.038    0.063    0.106    0.135    0.160    0.189    0.194    0.195  2.615  2.561  2.436  2.344  0.054  0.125  0.217
Kb  1.30 -1.3146  0.0708   2.304  2.687  2.637  2.540  2.416  2.166  1.887  1.838 -0.333  0.050  0.097  0.221  0.471  0.750  0.799    0.041    0.067    0.114    0.145    0.172    0.204    0.212    0.214  2.694  2.639  2.517  2.428  0.055  0.122  0.211
Kb  1.30 -1.3146  0.0794   2.410  2.782  2.722  2.619  2.488  2.231  1.950  1.901 -0.312  0.060  0.103  0.234  0.491  0.772  0.821    0.045    0.073    0.122    0.155    0.183    0.216    0.224    0.225  2.789  2.725  2.595  2.501  0.065  0.130  0.224
Kb  1.30 -1.3146  0.0891   2.510  2.867  2.794  2.683  2.544  2.275  1.988  1.937 -0.285  0.073  0.111  0.250  0.519  0.807  0.857    0.049    0.078    0.130    0.164    0.192    0.224    0.230    0.232  2.874  2.797  2.658  2.557  0.077  0.140  0.240
Kb  1.30 -1.3146  0.1000   2.611  2.955  2.873  2.756  2.611  2.336  2.043  1.991 -0.262  0.082  0.116  0.262  0.537  0.830  0.882    0.053    0.085    0.139    0.174    0.203    0.235    0.241    0.243  2.962  2.877  2.730  2.625  0.085  0.147  0.252
Kb  1.30 -1.3146  0.1122   2.700  2.955  2.655  2.333  1.955  1.323  0.713  0.581  0.046  0.301  0.322  0.699  1.332  1.942  2.074    0.057    0.084    0.113    0.117    0.110    0.092    0.070    0.066  2.976  2.664  2.268  1.984  0.312  0.396  0.680
Kb  1.30 -1.3146  0.1259   2.799  3.040  2.728  2.399  2.015  1.374  0.758  0.624  0.071  0.313  0.329  0.713  1.354  1.970  2.104    0.063    0.091    0.120    0.124    0.116    0.096    0.073    0.068  3.062  2.738  2.334  2.045  0.324  0.404  0.693
Kb  1.30 -1.3146  0.1413   2.899  3.126  2.793  2.449  2.051  1.389  0.760  0.622  0.107  0.333  0.344  0.741  1.403  2.032  2.170    0.068    0.097    0.127    0.129    0.119    0.097    0.073    0.068  3.148  2.804  2.382  2.082  0.345  0.422  0.722
Kb  1.30 -1.3146  0.1585   3.000  3.211  2.852  2.488  2.069  1.377  0.728  0.584  0.148  0.359  0.364  0.783  1.475  2.124  2.268    0.074    0.105    0.133    0.133    0.120    0.095    0.070    0.065  3.236  2.864  2.418  2.102  0.371  0.446  0.762
Kb  1.30 -1.3146  0.1778   3.112  3.315  2.950  2.580  2.154  1.447  0.789  0.642  0.162  0.366  0.370  0.796  1.502  2.161  2.308    0.082    0.115    0.145    0.144    0.129    0.101    0.074    0.068  3.340  2.962  2.509  2.187  0.378  0.453  0.775
Kb  1.30 -1.3146  0.1995   3.215  3.411  3.051  2.688  2.265  1.558  0.899  0.751  0.163  0.360  0.363  0.787  1.494  2.152  2.300    0.090    0.124    0.158    0.158    0.142    0.111    0.081    0.075  3.435  3.064  2.618  2.298  0.371  0.446  0.766
Kb  1.30 -1.3146  0.2239   3.327  3.515  3.167  2.813  2.395  1.690  1.033  0.884  0.160  0.348  0.354  0.771  1.477  2.134  2.283    0.099    0.136    0.175    0.176    0.160    0.125    0.091    0.084  3.538  3.179  2.745  2.429  0.358  0.434  0.751
Kb  1.30 -1.3146  0.2512   3.414  3.592  3.260  2.920  2.516  1.826  1.179  1.031  0.154  0.332  0.339  0.744  1.434  2.081  2.228    0.107    0.145    0.190    0.193    0.177    0.141    0.104    0.096  3.613  3.272  2.855  2.548  0.341  0.417  0.724
Kb  1.30 -1.3146  0.2818   3.505  3.669  3.343  3.010  2.611  1.928  1.285  1.138  0.162  0.326  0.333  0.732  1.415  2.058  2.205    0.115    0.155    0.204    0.209    0.193    0.154    0.114    0.105  3.689  3.355  2.945  2.643  0.334  0.410  0.712
Kb  1.30 -1.3146  0.3162   3.585  3.737  3.430  3.110  2.723  2.052  1.413  1.266  0.156  0.308  0.320  0.707  1.378  2.017  2.164    0.123    0.164    0.219    0.228    0.212    0.171    0.127    0.117  3.756  3.441  3.048  2.755  0.315  0.394  0.687
Kb  1.30 -1.3146  0.3548   3.676  3.815  3.511  3.200  2.823  2.171  1.544  1.400  0.165  0.304  0.311  0.688  1.340  1.967  2.111    0.133    0.176    0.235    0.246    0.232    0.190    0.143    0.132  3.834  3.523  3.139  2.854  0.311  0.384  0.669
Kb  1.30 -1.3146  0.3981   3.776  3.895  3.578  3.263  2.884  2.233  1.609  1.466  0.199  0.318  0.315  0.694  1.345  1.968  2.112    0.146    0.188    0.249    0.259    0.244    0.200    0.151    0.140  3.914  3.590  3.201  2.915  0.324  0.389  0.675
Kb  1.30 -1.3146  0.4467   3.885  3.982  3.653  3.333  2.952  2.300  1.677  1.534  0.232  0.330  0.319  0.701  1.352  1.975  2.118    0.160    0.202    0.265    0.275    0.258    0.212    0.160    0.148  4.001  3.666  3.271  2.983  0.335  0.394  0.682
Kb  1.30 -1.3146  0.5012   4.020  4.098  3.755  3.432  3.049  2.400  1.786  1.646  0.265  0.342  0.324  0.707  1.355  1.970  2.110    0.180    0.224    0.289    0.300    0.280    0.231    0.176    0.163  4.117  3.769  3.368  3.081  0.348  0.401  0.688
Kb  1.30 -1.3146  0.5623   4.145  4.199  3.837  3.503  3.113  2.460  1.849  1.711  0.309  0.362  0.334  0.723  1.377  1.988  2.125    0.201    0.245    0.310    0.318    0.296    0.242    0.185    0.172  4.219  3.851  3.438  3.146  0.368  0.413  0.705
Kb  1.30 -1.3146  0.6310   4.275  4.314  3.927  3.584  3.184  2.523  1.912  1.777  0.348  0.387  0.344  0.743  1.404  2.015  2.150    0.225    0.270    0.335    0.341    0.314    0.256    0.195    0.182  4.336  3.942  3.517  3.217  0.394  0.425  0.725
Kb  1.30 -1.3146  0.7079   4.408  4.428  4.032  3.688  3.291  2.636  2.033  1.900  0.376  0.397  0.343  0.741  1.396  1.999  2.131    0.253    0.299    0.367    0.373    0.345    0.282    0.217    0.203  4.450  4.047  3.622  3.324  0.403  0.426  0.723
Kb  1.30 -1.3146  0.7943   4.531  4.528  4.116  3.768  3.368  2.711  2.110  1.979  0.414  0.412  0.348  0.748  1.405  2.006  2.137    0.282    0.326    0.395    0.399    0.368    0.301    0.232    0.217  4.551  4.132  3.700  3.401  0.419  0.432  0.731
Kb  1.30 -1.3146  0.8913   4.660  4.635  4.208  3.853  3.449  2.791  2.191  2.060  0.452  0.428  0.354  0.758  1.417  2.016  2.148    0.316    0.358    0.427    0.430    0.395    0.322    0.249    0.232  4.659  4.224  3.785  3.483  0.435  0.439  0.741
Kb  1.30 -1.3146  1.0000   4.775  4.731  4.290  3.932  3.528  2.874  2.281  2.153  0.485  0.441  0.358  0.761  1.416  2.008  2.137    0.349    0.389    0.458    0.460    0.422    0.346    0.269    0.252  4.755  4.306  3.863  3.562  0.449  0.444  0.744
Kb  1.30 -1.3146  1.1220   4.881  4.819  4.363  4.000  3.593  2.940  2.350  2.222  0.518  0.456  0.363  0.769  1.423  2.013  2.140    0.383    0.419    0.488    0.487    0.446    0.365    0.285    0.267  4.844  4.380  3.930  3.628  0.464  0.450  0.752
Kb  1.30 -1.3146  1.2589   4.948  4.860  4.354  3.966  3.540  2.868  2.272  2.144  0.594  0.506  0.389  0.814  1.486  2.083  2.210    0.406    0.433    0.482    0.470    0.423    0.340    0.264    0.247  4.889  4.373  3.891  3.575  0.515  0.482  0.798
Kb  1.30 -1.3146  1.4125   5.121  4.998  4.452  4.036  3.587  2.889  2.272  2.140  0.669  0.546  0.416  0.865  1.563  2.180  2.312    0.472    0.488    0.523    0.497    0.438    0.344    0.262    0.244  5.031  4.472  3.958  3.624  0.559  0.514  0.848
Kb  1.30 -1.3146  1.5849   5.273  5.157  4.626  4.225  3.794  3.127  2.534  2.409  0.647  0.532  0.401  0.832  1.499  2.091  2.217    0.539    0.561    0.609    0.588    0.526    0.426    0.331    0.311  5.187  4.645  4.149  3.830  0.542  0.496  0.815
Kb  1.30 -1.3146  1.7783   5.390  5.277  4.724  4.317  3.883  3.218  2.631  2.507  0.666  0.553  0.407  0.840  1.506  2.093  2.217    0.597    0.623    0.664    0.636    0.568    0.461    0.360    0.339  5.308  4.745  4.240  3.920  0.564  0.504  0.824
Kb  1.30 -1.3146  1.9953   5.518  5.402  4.823  4.406  3.966  3.298  2.711  2.589  0.695  0.579  0.417  0.857  1.525  2.112  2.235    0.669    0.697    0.724    0.687    0.610    0.494    0.386    0.363  5.436  4.845  4.328  4.004  0.591  0.517  0.841
Kb  1.30 -1.3146  2.2387   5.629  5.516  4.925  4.505  4.065  3.404  2.823  2.702  0.704  0.591  0.420  0.860  1.522  2.103  2.224    0.738    0.770    0.792    0.750    0.666    0.541    0.425    0.401  5.551  4.948  4.426  4.103  0.603  0.521  0.845
Kb  1.30 -1.3146  2.5119   5.744  5.637  5.043  4.623  4.185  3.531  2.956  2.837  0.700  0.593  0.420  0.859  1.512  2.087  2.207    0.816    0.856    0.878    0.832    0.739    0.606    0.478    0.452  5.671  5.066  4.545  4.223  0.605  0.521  0.843
Kb  1.30 -1.3146  2.8184   5.829  5.726  5.135  4.716  4.278  3.627  3.052  2.932  0.694  0.591  0.419  0.857  1.508  2.083  2.203    0.879    0.925    0.951    0.901    0.802    0.658    0.520    0.491  5.760  5.158  4.638  4.316  0.602  0.520  0.842
Kb  1.30 -1.3146  3.1623   5.951  5.851  5.253  4.831  4.393  3.751  3.182  3.064  0.699  0.598  0.422  0.860  1.502  2.071  2.189    0.979    1.033    1.055    0.998    0.888    0.735    0.584    0.552  5.885  5.276  4.753  4.432  0.609  0.523  0.844
Kb  1.30 -1.3146  3.5481   6.072  5.975  5.367  4.941  4.501  3.863  3.296  3.180  0.705  0.608  0.426  0.866  1.504  2.071  2.187    1.090    1.154    1.168    1.100    0.977    0.811    0.646    0.612  6.010  5.391  4.863  4.541  0.619  0.528  0.850
Kb  1.30 -1.3146  3.9811   6.179  6.090  5.470  5.040  4.598  3.962  3.400  3.284  0.708  0.620  0.431  0.873  1.508  2.071  2.186    1.198    1.278    1.279    1.200    1.064    0.886    0.708    0.671  6.126  5.495  4.961  4.638  0.631  0.534  0.857
Kb  1.30 -1.3146  4.4668   6.283  6.197  5.566  5.130  4.686  4.052  3.490  3.376  0.717  0.631  0.436  0.880  1.514  2.075  2.190    1.313    1.404    1.391    1.299    1.149    0.958    0.766    0.728  6.234  5.591  5.051  4.727  0.643  0.540  0.864
Kb  1.30 -1.3146  5.0119   6.380  6.312  5.674  5.236  4.791  4.161  3.604  3.490  0.706  0.638  0.438  0.882  1.512  2.070  2.183    1.429    1.555    1.530    1.425    1.261    1.055    0.847    0.805  6.350  5.699  5.157  4.833  0.650  0.543  0.866
Kb  1.30 -1.3146  5.6234   6.486  6.417  5.767  5.325  4.880  4.250  3.696  3.584  0.718  0.650  0.442  0.888  1.517  2.072  2.183    1.570    1.707    1.662    1.542    1.363    1.141    0.919    0.874  6.457  5.793  5.246  4.922  0.663  0.548  0.872
Kb  1.30 -1.3146  6.3096   6.595  6.525  5.865  5.420  4.974  4.347  3.796  3.685  0.730  0.660  0.446  0.891  1.519  2.070  2.180    1.731    1.879    1.813    1.677    1.481    1.243    1.004    0.957  6.565  5.892  5.341  5.017  0.673  0.552  0.875
Kb  1.30 -1.3146  7.0795   6.710  6.637  5.969  5.520  5.074  4.450  3.904  3.795  0.741  0.669  0.449  0.895  1.518  2.065  2.174    1.917    2.076    1.987    1.833    1.618    1.363    1.105    1.055  6.678  5.996  5.441  5.118  0.682  0.555  0.878
Kb  1.30 -1.3146  7.9433   6.806  6.729  6.050  5.598  5.150  4.527  3.983  3.876  0.755  0.679  0.453  0.900  1.523  2.067  2.174    2.087    2.252    2.135    1.962    1.730    1.458    1.185    1.132  6.772  6.078  5.519  5.195  0.694  0.560  0.883
Kb  1.30 -1.3146  8.9125   6.905  6.825  6.137  5.681  5.232  4.610  4.069  3.963  0.768  0.688  0.456  0.905  1.526  2.068  2.174    2.278    2.451    2.304    2.110    1.859    1.568    1.278    1.222  6.868  6.165  5.601  5.278  0.703  0.564  0.888
Kb  1.30 -1.3146 10.0000   7.009  6.928  6.233  5.775  5.327  4.708  4.170  4.066  0.776  0.695  0.458  0.907  1.526  2.063  2.168    2.500    2.687    2.510    2.295    2.022    1.710    1.398    1.340  6.972  6.262  5.696  5.373  0.710  0.566  0.890
Kb  1.30 -1.3146 11.2202   7.099  7.015  6.312  5.850  5.401  4.783  4.248  4.144  0.787  0.703  0.462  0.911  1.529  2.064  2.168    2.709    2.901    2.690    2.452    2.158    1.827    1.497    1.436  7.060  6.342  5.772  5.448  0.719  0.570  0.894
Kb  1.30 -1.3146 12.5893   7.204  7.115  6.403  5.938  5.486  4.868  4.334  4.231  0.800  0.711  0.465  0.917  1.536  2.069  2.172    2.978    3.176    2.923    2.655    2.332    1.973    1.619    1.553  7.161  6.434  5.860  5.535  0.728  0.574  0.899
Kb  1.30 -1.3146 14.1254   7.255  7.168  6.454  5.988  5.536  4.921  4.390  4.288  0.801  0.714  0.466  0.917  1.533  2.063  2.165    3.085    3.297    3.026    2.747    2.414    2.049    1.686    1.619  7.214  6.484  5.910  5.585  0.730  0.574  0.899
Kb  1.30 -1.3146 15.8489   7.380  7.292  6.583  6.118  5.670  5.063  4.539  4.439  0.798  0.709  0.464  0.913  1.520  2.044  2.144    3.437    3.668    3.381    3.075    2.708    2.316    1.918    1.844  7.339  6.614  6.042  5.720  0.725  0.572  0.894
Kb  1.30 -1.3146 17.7828   7.436  7.346  6.653  6.193  5.747  5.145  4.622  4.521  0.783  0.693  0.460  0.906  1.508  2.031  2.131    3.577    3.812    3.568    3.257    2.876    2.471    2.048    1.969  7.391  6.684  6.118  5.799  0.707  0.566  0.886
Kb  1.30 -0.7052  0.0631   2.292  2.705  2.638  2.502  2.327  1.974  1.569  1.485 -0.346  0.067  0.135  0.311  0.664  1.069  1.153    0.041    0.069    0.114    0.141    0.160    0.172    0.159    0.156  2.715  2.639  2.472  2.342  0.076  0.167  0.297
Kb  1.30 -0.7052  0.0708   2.392  2.784  2.709  2.573  2.398  2.048  1.651  1.569 -0.317  0.074  0.136  0.312  0.662  1.059  1.141    0.044    0.073    0.122    0.150    0.170    0.184    0.171    0.167  2.794  2.711  2.543  2.413  0.082  0.169  0.298
Kb  1.30 -0.7052  0.0794   2.496  2.869  2.792  2.658  2.487  2.147  1.764  1.685 -0.295  0.077  0.134  0.304  0.644  1.027  1.106    0.048    0.079    0.130    0.161    0.183    0.200    0.189    0.185  2.878  2.794  2.628  2.502  0.084  0.166  0.292
Kb  1.30 -0.7052  0.0891   2.596  2.946  2.861  2.726  2.555  2.217  1.841  1.763 -0.265  0.085  0.135  0.306  0.644  1.020  1.098    0.053    0.084    0.138    0.170    0.194    0.212    0.202    0.198  2.955  2.864  2.696  2.570  0.091  0.168  0.293
Kb  1.30 -0.7052  0.1000   2.687  3.021  2.930  2.793  2.621  2.284  1.912  1.836 -0.242  0.091  0.137  0.309  0.646  1.018  1.094    0.057    0.090    0.147    0.180    0.205    0.225    0.214    0.211  3.030  2.933  2.763  2.637  0.097  0.170  0.297
Kb  1.30 -0.7052  0.1122   2.778  3.092  2.972  2.802  2.572  2.127  1.646  1.534 -0.194  0.121  0.170  0.400  0.845  1.326  1.438    0.062    0.096    0.152    0.181    0.195    0.194    0.167    0.159  3.103  2.976  2.765  2.592  0.127  0.211  0.384
Kb  1.30 -0.7052  0.1259   2.868  3.136  2.913  2.615  2.134  1.327  0.580  0.387 -0.045  0.223  0.298  0.779  1.586  2.333  2.526    0.067    0.099    0.143    0.152    0.130    0.092    0.062    0.055  3.153  2.922  2.559  2.169  0.231  0.363  0.753
Kb  1.30 -0.7052  0.1413   2.966  3.223  3.004  2.714  2.235  1.427  0.680  0.483 -0.038  0.219  0.290  0.769  1.577  2.324  2.521    0.073    0.107    0.155    0.165    0.141    0.101    0.068    0.060  3.239  3.013  2.659  2.270  0.226  0.354  0.743
Kb  1.30 -0.7052  0.1585   3.052  3.295  3.082  2.804  2.341  1.550  0.813  0.617 -0.030  0.214  0.277  0.741  1.532  2.268  2.464    0.078    0.114    0.165    0.178    0.155    0.112    0.076    0.067  3.310  3.091  2.751  2.375  0.220  0.339  0.716
Kb  1.30 -0.7052  0.1778   3.144  3.372  3.168  2.905  2.463  1.692  0.967  0.771 -0.024  0.204  0.263  0.705  1.476  2.201  2.396    0.085    0.121    0.178    0.195    0.173    0.127    0.087    0.077  3.385  3.177  2.855  2.495  0.209  0.322  0.681
Kb  1.30 -0.7052  0.1995   3.248  3.460  3.256  3.005  2.586  1.839  1.133  0.940 -0.007  0.204  0.251  0.670  1.417  2.123  2.316    0.093    0.131    0.192    0.212    0.192    0.144    0.101    0.089  3.473  3.264  2.956  2.617  0.209  0.309  0.647
Kb  1.30 -0.7052  0.2239   3.356  3.548  3.341  3.097  2.696  1.967  1.278  1.087  0.015  0.207  0.244  0.646  1.374  2.063  2.254    0.102    0.141    0.206    0.230    0.212    0.162    0.115    0.102  3.561  3.350  3.049  2.726  0.211  0.301  0.624
Kb  1.30 -0.7052  0.2512   3.483  3.654  3.448  3.215  2.841  2.152  1.495  1.311  0.035  0.206  0.234  0.607  1.296  1.953  2.137    0.114    0.155    0.227    0.255    0.241    0.191    0.140    0.124  3.667  3.458  3.168  2.870  0.209  0.290  0.587
Kb  1.30 -0.7052  0.2818   3.598  3.745  3.523  3.281  2.903  2.215  1.561  1.382  0.075  0.222  0.241  0.620  1.308  1.961  2.141    0.126    0.167    0.242    0.270    0.253    0.201    0.148    0.132  3.758  3.533  3.233  2.933  0.225  0.300  0.600
Kb  1.30 -0.7052  0.3162   3.731  3.852  3.611  3.360  2.975  2.283  1.630  1.453  0.120  0.241  0.251  0.636  1.328  1.981  2.158    0.142    0.184    0.261    0.288    0.269    0.213    0.157    0.140  3.865  3.622  3.310  3.006  0.244  0.312  0.616
Kb  1.30 -0.7052  0.3548   3.874  3.964  3.711  3.453  3.061  2.362  1.707  1.530  0.163  0.254  0.258  0.650  1.349  2.003  2.181    0.161    0.203    0.284    0.312    0.290    0.228    0.167    0.150  3.979  3.722  3.401  3.092  0.257  0.320  0.629
Kb  1.30 -0.7052  0.3981   4.012  4.069  3.804  3.544  3.157  2.470  1.826  1.654  0.209  0.266  0.260  0.646  1.334  1.978  2.150    0.182    0.222    0.308    0.338    0.315    0.250    0.186    0.167  4.084  3.815  3.492  3.188  0.269  0.323  0.627
Kb  1.30 -0.7052  0.4467   4.153  4.171  3.887  3.618  3.224  2.529  1.884  1.712  0.266  0.284  0.269  0.663  1.358  2.003  2.175    0.206    0.243    0.331    0.360    0.334    0.263    0.195    0.175  4.187  3.899  3.564  3.256  0.288  0.334  0.643
Kb  1.30 -0.7052  0.5012   4.296  4.279  3.976  3.698  3.296  2.592  1.945  1.772  0.320  0.303  0.278  0.680  1.384  2.031  2.204    0.234    0.267    0.358    0.386    0.355    0.278    0.205    0.185  4.295  3.989  3.643  3.328  0.307  0.345  0.660
Kb  1.30 -0.7052  0.5623   4.430  4.383  4.062  3.774  3.364  2.652  2.003  1.829  0.368  0.321  0.287  0.697  1.409  2.059  2.233    0.263    0.292    0.385    0.412    0.376    0.292    0.215    0.193  4.400  4.075  3.718  3.397  0.325  0.357  0.677
Kb  1.30 -0.7052  0.6310   4.563  4.491  4.145  3.845  3.427  2.708  2.058  1.885  0.417  0.345  0.300  0.719  1.437  2.087  2.260    0.296    0.321    0.414    0.438    0.396    0.306    0.225    0.203  4.508  4.159  3.787  3.460  0.349  0.372  0.699
Kb  1.30 -0.7052  0.7079   4.686  4.599  4.233  3.924  3.499  2.778  2.129  1.955  0.453  0.365  0.310  0.734  1.456  2.105  2.278    0.330    0.353    0.446    0.468    0.421    0.324    0.239    0.215  4.617  4.248  3.864  3.533  0.369  0.385  0.715
Kb  1.30 -0.7052  0.7943   4.807  4.708  4.320  3.999  3.568  2.843  2.195  2.022  0.488  0.388  0.321  0.752  1.477  2.125  2.298    0.367    0.388    0.481    0.499    0.446    0.342    0.253    0.228  4.728  4.336  3.937  3.602  0.392  0.399  0.733
Kb  1.30 -0.7052  0.8913   4.937  4.824  4.408  4.072  3.632  2.902  2.254  2.082  0.529  0.416  0.336  0.776  1.506  2.153  2.326    0.411    0.429    0.518    0.531    0.471    0.360    0.266    0.239  4.845  4.425  4.008  3.667  0.420  0.417  0.758
Kb  1.30 -0.7052  1.0000   5.065  4.945  4.503  4.155  3.709  2.977  2.331  2.159  0.563  0.442  0.347  0.794  1.526  2.172  2.344    0.461    0.477    0.563    0.570    0.503    0.383    0.284    0.256  4.967  4.521  4.089  3.745  0.447  0.432  0.775
Kb  1.30 -0.7052  1.1220   5.184  5.062  4.593  4.234  3.783  3.050  2.408  2.239  0.591  0.470  0.359  0.810  1.542  2.184  2.354    0.511    0.529    0.608    0.609    0.536    0.408    0.303    0.273  5.086  4.611  4.166  3.820  0.475  0.446  0.792
Kb  1.30 -0.7052  1.2589   5.292  5.156  4.637  4.256  3.793  3.061  2.423  2.258  0.655  0.519  0.382  0.844  1.577  2.214  2.380    0.562    0.574    0.630    0.619    0.538    0.410    0.306    0.277  5.184  4.658  4.183  3.831  0.526  0.474  0.827
Kb  1.30 -0.7052  1.4125   5.359  5.199  4.619  4.210  3.738  3.009  2.380  2.222  0.740  0.579  0.410  0.881  1.610  2.239  2.397    0.594    0.593    0.617    0.590    0.509    0.389    0.292    0.266  5.231  4.640  4.132  3.776  0.591  0.508  0.865
Kb  1.30 -0.7052  1.5849   5.635  5.467  4.874  4.444  3.939  3.175  2.512  2.341  0.761  0.594  0.430  0.934  1.699  2.362  2.533    0.758    0.752    0.771    0.724    0.606    0.448    0.326    0.294  5.502  4.895  4.364  3.979  0.606  0.531  0.917
Kb  1.30 -0.7052  1.7783   5.784  5.625  5.019  4.587  4.092  3.348  2.700  2.534  0.765  0.606  0.432  0.927  1.671  2.319  2.485    0.865    0.865    0.877    0.822    0.694    0.523    0.386    0.349  5.660  5.042  4.508  4.132  0.619  0.534  0.910
Kb  1.30 -0.7052  1.9953   5.928  5.764  5.129  4.685  4.190  3.454  2.814  2.652  0.800  0.635  0.444  0.939  1.675  2.315  2.477    0.983    0.978    0.966    0.895    0.755    0.573    0.427    0.388  5.801  5.152  4.603  4.230  0.649  0.549  0.922
Kb  1.30 -0.7052  2.2387   6.053  5.887  5.220  4.763  4.264  3.525  2.888  2.729  0.833  0.666  0.457  0.957  1.695  2.332  2.492    1.097    1.090    1.045    0.957    0.804    0.609    0.455    0.414  5.928  5.244  4.679  4.304  0.683  0.565  0.940
Kb  1.30 -0.7052  2.5119   6.183  6.009  5.323  4.858  4.356  3.615  2.979  2.820  0.860  0.686  0.465  0.967  1.708  2.344  2.503    1.231    1.214    1.144    1.039    0.871    0.659    0.492    0.448  6.052  5.348  4.774  4.397  0.705  0.574  0.950
Kb  1.30 -0.7052  2.8184   6.305  6.124  5.423  4.954  4.454  3.718  3.087  2.931  0.882  0.701  0.469  0.970  1.706  2.336  2.492    1.370    1.343    1.248    1.130    0.948    0.720    0.541    0.494  6.169  5.448  4.869  4.495  0.720  0.579  0.953
Kb  1.30 -0.7052  3.1623   6.412  6.229  5.520  5.048  4.548  3.813  3.186  3.031  0.892  0.709  0.472  0.972  1.707  2.334  2.489    1.506    1.473    1.358    1.226    1.030    0.783    0.590    0.539  6.274  5.545  4.963  4.590  0.729  0.582  0.955
Kb  1.30 -0.7052  3.5481   6.516  6.328  5.613  5.138  4.638  3.907  3.282  3.129  0.904  0.716  0.475  0.974  1.706  2.330  2.484    1.651    1.608    1.473    1.327    1.115    0.850    0.642    0.588  6.374  5.638  5.053  4.681  0.736  0.585  0.957
Kb  1.30 -0.7052  3.9811   6.627  6.433  5.706  5.225  4.724  3.992  3.368  3.215  0.922  0.728  0.480  0.982  1.714  2.338  2.490    1.822    1.764    1.599    1.432    1.202    0.916    0.692    0.634  6.481  5.731  5.140  4.767  0.749  0.592  0.964
Kb  1.30 -0.7052  4.4668   6.756  6.560  5.824  5.340  4.839  4.109  3.487  3.337  0.932  0.736  0.484  0.986  1.715  2.337  2.488    2.043    1.974    1.776    1.586    1.331    1.016    0.769    0.706  6.608  5.851  5.254  4.882  0.758  0.596  0.968
Kb  1.30 -0.7052  5.0119   6.872  6.667  5.918  5.428  4.923  4.191  3.569  3.419  0.954  0.749  0.490  0.995  1.727  2.349  2.499    2.263    2.169    1.928    1.712    1.432    1.092    0.826    0.759  6.717  5.945  5.342  4.968  0.772  0.603  0.977
Kb  1.30 -0.7052  5.6234   7.007  6.803  6.050  5.559  5.056  4.331  3.715  3.567  0.957  0.753  0.491  0.993  1.719  2.335  2.483    2.553    2.448    2.168    1.923    1.613    1.236    0.940    0.866  6.853  6.077  5.473  5.102  0.776  0.604  0.975
Kb  1.30 -0.7052  6.3096   7.121  6.907  6.141  5.644  5.138  4.410  3.793  3.646  0.980  0.766  0.498  1.003  1.731  2.348  2.495    2.825    2.686    2.350    2.072    1.732    1.326    1.007    0.928  6.959  6.169  5.557  5.184  0.791  0.611  0.985
Kb  1.30 -0.7052  7.0795   7.231  7.010  6.233  5.730  5.221  4.493  3.876  3.730  0.998  0.777  0.503  1.011  1.740  2.356  2.502    3.115    2.942    2.548    2.236    1.864    1.425    1.084    0.999  7.063  6.261  5.643  5.268  0.803  0.617  0.992
Kb  1.30 -0.7052  7.9433   7.348  7.120  6.333  5.825  5.314  4.585  3.969  3.824  1.016  0.788  0.508  1.019  1.747  2.364  2.509    3.459    3.246    2.784    2.431    2.023    1.546    1.176    1.085  7.175  6.361  5.738  5.362  0.814  0.623  1.000
Kb  1.30 -0.7052  8.9125   7.453  7.215  6.415  5.901  5.388  4.658  4.041  3.897  1.038  0.800  0.514  1.027  1.757  2.374  2.518    3.797    3.530    2.993    2.601    2.158    1.647    1.253    1.157  7.271  6.444  5.814  5.436  0.827  0.629  1.008
Kb  1.30 -0.7052 10.0000   7.554  7.306  6.495  5.976  5.460  4.730  4.113  3.970  1.059  0.811  0.519  1.035  1.766  2.382  2.525    4.154    3.826    3.212    2.778    2.299    1.754    1.334    1.234  7.364  6.525  5.889  5.510  0.839  0.635  1.015
Kb  1.30 -0.7052 11.2202   7.654  7.394  6.572  6.048  5.529  4.797  4.181  4.039  1.082  0.822  0.524  1.043  1.774  2.390  2.532    4.537    4.134    3.435    2.956    2.441    1.861    1.416    1.311  7.453  6.602  5.961  5.579  0.852  0.641  1.022
Kb  1.30 -0.7052 12.5893   7.756  7.481  6.645  6.115  5.592  4.857  4.240  4.099  1.111  0.835  0.530  1.054  1.788  2.406  2.546    4.970    4.466    3.665    3.136    2.579    1.961    1.490    1.380  7.543  6.676  6.028  5.643  0.867  0.648  1.033
Kb  1.30 -0.7052 14.1254   7.850  7.562  6.717  6.182  5.656  4.922  4.304  4.165  1.134  0.846  0.535  1.060  1.795  2.412  2.552    5.404    4.799    3.902    3.324    2.729    2.074    1.576    1.462  7.625  6.748  6.094  5.709  0.878  0.653  1.039
Kb  1.30 -0.7052 15.8489   7.941  7.645  6.793  6.256  5.731  5.000  4.386  4.249  1.148  0.852  0.537  1.062  1.794  2.408  2.545    5.847    5.153    4.166    3.541    2.908    2.217    1.690    1.571  7.709  6.825  6.169  5.784  0.885  0.656  1.041
Kb  1.30 -0.7052 17.7828   8.025  7.726  6.872  6.334  5.810  5.084  4.474  4.339  1.153  0.854  0.539  1.062  1.789  2.399  2.533    6.268    5.508    4.446    3.775    3.104    2.377    1.818    1.695  7.791  6.905  6.248  5.865  0.886  0.657  1.040
Kb  1.30 -0.3960  0.0631   2.331  2.727  2.664  2.532  2.354  1.989  1.564  1.464 -0.333  0.062  0.133  0.310  0.675  1.100  1.200    0.042    0.070    0.117    0.145    0.164    0.175    0.159    0.153  2.736  2.666  2.502  2.369  0.070  0.163  0.297
Kb  1.30 -0.3960  0.0708   2.427  2.803  2.732  2.598  2.421  2.064  1.652  1.555 -0.305  0.071  0.134  0.311  0.668  1.080  1.176    0.046    0.075    0.124    0.153    0.173    0.187    0.171    0.165  2.812  2.734  2.568  2.436  0.078  0.166  0.298
Kb  1.30 -0.3960  0.0794   2.530  2.891  2.816  2.685  2.513  2.173  1.781  1.690 -0.286  0.075  0.131  0.303  0.643  1.035  1.127    0.050    0.081    0.134    0.165    0.188    0.205    0.192    0.186  2.900  2.819  2.656  2.528  0.081  0.163  0.291
Kb  1.30 -0.3960  0.0891   2.621  2.966  2.883  2.750  2.575  2.238  1.853  1.763 -0.262  0.083  0.134  0.308  0.645  1.030  1.120    0.054    0.086    0.141    0.174    0.198    0.217    0.204    0.198  2.975  2.886  2.720  2.591  0.089  0.166  0.295
Kb  1.30 -0.3960  0.1000   2.713  3.043  2.951  2.815  2.637  2.299  1.917  1.828 -0.238  0.092  0.136  0.314  0.652  1.034  1.123    0.059    0.092    0.150    0.184    0.208    0.228    0.215    0.209  3.051  2.954  2.784  2.653  0.097  0.170  0.302
Kb  1.30 -0.3960  0.1122   2.807  3.117  3.022  2.887  2.708  2.371  1.992  1.903 -0.215  0.095  0.135  0.314  0.650  1.030  1.119    0.064    0.098    0.159    0.196    0.221    0.243    0.230    0.223  3.125  3.025  2.857  2.724  0.100  0.169  0.302
Kb  1.30 -0.3960  0.1259   2.921  3.193  3.038  2.818  2.359  1.460  0.709  0.465 -0.117  0.155  0.220  0.679  1.578  2.329  2.573    0.070    0.105    0.161    0.183    0.160    0.104    0.070    0.059  3.205  3.045  2.775  2.388  0.160  0.269  0.657
Kb  1.30 -0.3960  0.1413   3.024  3.275  3.117  2.904  2.468  1.587  0.851  0.608 -0.093  0.158  0.214  0.649  1.530  2.266  2.509    0.077    0.112    0.172    0.197    0.176    0.117    0.080    0.067  3.287  3.124  2.862  2.496  0.163  0.262  0.628
Kb  1.30 -0.3960  0.1585   3.133  3.363  3.200  2.992  2.585  1.735  1.021  0.781 -0.067  0.163  0.208  0.615  1.465  2.180  2.419    0.085    0.121    0.185    0.213    0.195    0.133    0.093    0.078  3.374  3.207  2.950  2.612  0.167  0.257  0.595
Kb  1.30 -0.3960  0.1778   3.246  3.454  3.282  3.074  2.683  1.852  1.153  0.917 -0.036  0.171  0.208  0.599  1.430  2.129  2.365    0.094    0.131    0.198    0.228    0.212    0.148    0.104    0.088  3.465  3.289  3.033  2.709  0.176  0.257  0.580
Kb  1.30 -0.3960  0.1995   3.372  3.558  3.380  3.173  2.803  2.008  1.331  1.102 -0.007  0.179  0.207  0.576  1.372  2.049  2.277    0.105    0.144    0.216    0.249    0.236    0.169    0.122    0.104  3.570  3.387  3.131  2.829  0.183  0.256  0.558
Kb  1.30 -0.3960  0.2239   3.493  3.651  3.464  3.255  2.891  2.108  1.442  1.216  0.030  0.188  0.209  0.573  1.355  2.022  2.248    0.116    0.156    0.232    0.267    0.254    0.185    0.134    0.115  3.663  3.472  3.212  2.917  0.192  0.260  0.555
Kb  1.30 -0.3960  0.2512   3.631  3.755  3.560  3.350  2.994  2.224  1.567  1.345  0.070  0.194  0.210  0.566  1.336  1.993  2.215    0.131    0.170    0.252    0.290    0.278    0.205    0.150    0.129  3.767  3.568  3.307  3.019  0.198  0.261  0.549
Kb  1.30 -0.3960  0.2818   3.770  3.862  3.661  3.451  3.108  2.370  1.732  1.519  0.110  0.201  0.209  0.552  1.290  1.928  2.142    0.149    0.187    0.276    0.317    0.308    0.233    0.174    0.151  3.874  3.669  3.408  3.133  0.205  0.261  0.536
Kb  1.30 -0.3960  0.3162   3.911  3.963  3.745  3.528  3.175  2.431  1.791  1.579  0.166  0.218  0.217  0.570  1.314  1.954  2.166    0.168    0.205    0.297    0.339    0.326    0.246    0.183    0.159  3.976  3.754  3.483  3.201  0.222  0.270  0.553
Kb  1.30 -0.3960  0.3548   4.052  4.063  3.831  3.608  3.246  2.496  1.852  1.642  0.221  0.232  0.223  0.585  1.335  1.979  2.189    0.191    0.223    0.319    0.363    0.346    0.259    0.192    0.167  4.076  3.840  3.562  3.273  0.236  0.278  0.568
Kb  1.30 -0.3960  0.3981   4.195  4.169  3.919  3.688  3.317  2.562  1.916  1.707  0.276  0.250  0.230  0.602  1.357  2.003  2.212    0.217    0.245    0.345    0.389    0.368    0.275    0.203    0.177  4.182  3.929  3.642  3.344  0.253  0.287  0.584
Kb  1.30 -0.3960  0.4467   4.329  4.271  4.002  3.763  3.386  2.637  1.996  1.790  0.327  0.270  0.239  0.616  1.365  2.006  2.211    0.244    0.268    0.370    0.415    0.390    0.293    0.218    0.190  4.285  4.012  3.714  3.414  0.273  0.298  0.598
Kb  1.30 -0.3960  0.5012   4.464  4.383  4.090  3.838  3.451  2.698  2.056  1.852  0.375  0.294  0.251  0.639  1.392  2.033  2.238    0.275    0.296    0.400    0.442    0.412    0.308    0.229    0.200  4.398  4.101  3.787  3.480  0.296  0.314  0.622
Kb  1.30 -0.3960  0.5623   4.592  4.496  4.181  3.918  3.520  2.762  2.119  1.915  0.411  0.315  0.263  0.661  1.419  2.062  2.266    0.308    0.327    0.433    0.474    0.438    0.325    0.242    0.211  4.511  4.194  3.865  3.550  0.317  0.329  0.644
Kb  1.30 -0.3960  0.6310   4.723  4.613  4.270  3.991  3.582  2.818  2.175  1.971  0.453  0.343  0.279  0.688  1.452  2.095  2.299    0.346    0.362    0.468    0.505    0.461    0.341    0.253    0.221  4.629  4.284  3.936  3.613  0.345  0.349  0.671
Kb  1.30 -0.3960  0.7079   4.849  4.726  4.350  4.052  3.627  2.847  2.198  1.993  0.499  0.377  0.298  0.723  1.503  2.152  2.357    0.387    0.400    0.501    0.531    0.478    0.349    0.257    0.225  4.744  4.365  3.993  3.659  0.379  0.372  0.707
Kb  1.30 -0.3960  0.7943   4.983  4.857  4.450  4.139  3.707  2.920  2.271  2.067  0.532  0.407  0.312  0.744  1.530  2.179  2.383    0.436    0.449    0.547    0.573    0.512    0.371    0.274    0.239  4.877  4.467  4.078  3.739  0.410  0.389  0.727
Kb  1.30 -0.3960  0.8913   5.121  4.993  4.551  4.223  3.779  2.989  2.341  2.138  0.570  0.442  0.328  0.773  1.562  2.210  2.414    0.492    0.507    0.597    0.616    0.544    0.394    0.291    0.254  5.015  4.569  4.159  3.812  0.446  0.410  0.757
Kb  1.30 -0.3960  1.0000   5.245  5.116  4.641  4.297  3.845  3.055  2.408  2.206  0.604  0.475  0.344  0.797  1.586  2.233  2.435    0.549    0.564    0.646    0.656    0.576    0.416    0.308    0.269  5.140  4.660  4.230  3.879  0.479  0.430  0.781
Kb  1.30 -0.3960  1.1220   5.379  5.246  4.732  4.367  3.903  3.115  2.469  2.270  0.647  0.513  0.365  0.829  1.617  2.263  2.462    0.618    0.633    0.698    0.696    0.604    0.437    0.324    0.284  5.272  4.752  4.297  3.939  0.520  0.456  0.813
Kb  1.30 -0.3960  1.2589   5.484  5.313  4.719  4.307  3.815  3.013  2.360  2.166  0.765  0.594  0.411  0.903  1.705  2.359  2.552    0.677    0.669    0.686    0.655    0.555    0.396    0.291    0.257  5.346  4.740  4.230  3.852  0.607  0.510  0.887
Kb  1.30 -0.3960  1.4125   5.722  5.556  4.943  4.512  3.996  3.150  2.471  2.266  0.780  0.613  0.430  0.947  1.792  2.471  2.677    0.834    0.828    0.834    0.783    0.648    0.445    0.319    0.279  5.591  4.964  4.432  4.034  0.627  0.532  0.931
Kb  1.30 -0.3960  1.5849   5.885  5.722  5.086  4.646  4.135  3.306  2.636  2.437  0.799  0.635  0.441  0.951  1.781  2.450  2.649    0.963    0.959    0.946    0.880    0.732    0.510    0.369    0.324  5.759  5.109  4.564  4.174  0.650  0.544  0.935
Kb  1.30 -0.3960  1.7783   6.054  5.874  5.212  4.759  4.242  3.412  2.742  2.546  0.842  0.662  0.453  0.970  1.800  2.470  2.666    1.119    1.098    1.057    0.971    0.803    0.559    0.405    0.356  5.914  5.235  4.676  4.281  0.679  0.559  0.954
Kb  1.30 -0.3960  1.9953   6.211  6.014  5.325  4.860  4.342  3.521  2.857  2.666  0.886  0.689  0.465  0.983  1.804  2.468  2.659    1.288    1.243    1.168    1.061    0.877    0.616    0.448    0.397  6.057  5.349  4.776  4.382  0.708  0.573  0.967
Kb  1.30 -0.3960  2.2387   6.364  6.148  5.431  4.955  4.431  3.613  2.951  2.764  0.933  0.717  0.476  1.000  1.818  2.480  2.667    1.476    1.400    1.282    1.153    0.948    0.667    0.487    0.432  6.194  5.455  4.869  4.472  0.739  0.587  0.983
Kb  1.30 -0.3960  2.5119   6.512  6.273  5.529  5.042  4.514  3.696  3.037  2.851  0.983  0.744  0.487  1.015  1.833  2.493  2.678    1.684    1.564    1.396    1.243    1.018    0.717    0.524    0.466  6.322  5.554  4.954  4.556  0.768  0.599  0.998
Kb  1.30 -0.3960  2.8184   6.651  6.397  5.634  5.138  4.601  3.774  3.110  2.923  1.017  0.762  0.496  1.034  1.860  2.525  2.712    1.904    1.744    1.531    1.352    1.097    0.767    0.558    0.495  6.448  5.659  5.049  4.643  0.788  0.610  1.017
Kb  1.30 -0.3960  3.1623   6.791  6.524  5.749  5.250  4.720  3.910  3.258  3.076  1.042  0.775  0.499  1.029  1.838  2.491  2.672    2.158    1.954    1.695    1.492    1.220    0.866    0.636    0.568  6.577  5.774  5.161  4.762  0.803  0.613  1.012
Kb  1.30 -0.3960  3.5481   6.895  6.619  5.832  5.329  4.797  3.991  3.340  3.161  1.063  0.786  0.503  1.035  1.841  2.492  2.671    2.365    2.123    1.823    1.599    1.305    0.929    0.684    0.612  6.673  5.858  5.240  4.840  0.815  0.618  1.018
Kb  1.30 -0.3960  3.9811   7.003  6.717  5.921  5.413  4.877  4.071  3.420  3.242  1.082  0.796  0.508  1.045  1.850  2.502  2.679    2.602    2.316    1.971    1.721    1.399    0.996    0.733    0.657  6.773  5.947  5.323  4.921  0.825  0.624  1.027
Kb  1.30 -0.3960  4.4668   7.121  6.825  6.018  5.504  4.963  4.157  3.504  3.328  1.103  0.807  0.514  1.055  1.861  2.514  2.690    2.888    2.547    2.145    1.863    1.508    1.073    0.789    0.708  6.882  6.044  5.414  5.008  0.838  0.631  1.037
Kb  1.30 -0.3960  5.0119   7.257  6.956  6.141  5.624  5.081  4.278  3.628  3.453  1.116  0.815  0.518  1.060  1.863  2.514  2.688    3.261    2.861    2.393    2.072    1.674    1.195    0.880    0.791  7.014  6.168  5.533  5.126  0.846  0.635  1.041
Kb  1.30 -0.3960  5.6234   7.382  7.066  6.238  5.713  5.166  4.361  3.709  3.535  1.144  0.829  0.524  1.072  1.877  2.529  2.703    3.644    3.154    2.605    2.242    1.803    1.284    0.945    0.850  7.126  6.265  5.623  5.212  0.861  0.642  1.053
Kb  1.30 -0.3960  6.3096   7.526  7.200  6.361  5.831  5.280  4.477  3.827  3.655  1.165  0.839  0.530  1.081  1.883  2.534  2.706    4.148    3.556    2.909    2.490    1.996    1.426    1.050    0.946  7.261  6.388  5.740  5.327  0.873  0.648  1.061
Kb  1.30 -0.3960  7.0795   7.658  7.325  6.482  5.950  5.398  4.598  3.951  3.780  1.177  0.844  0.532  1.083  1.883  2.531  2.701    4.672    3.980    3.242    2.770    2.220    1.589    1.174    1.058  7.387  6.510  5.859  5.447  0.878  0.650  1.063
Kb  1.30 -0.3960  7.9433   7.779  7.432  6.577  6.039  5.483  4.683  4.035  3.865  1.202  0.855  0.538  1.094  1.894  2.542  2.711    5.204    4.376    3.528    2.998    2.392    1.712    1.265    1.141  7.495  6.605  5.948  5.532  0.890  0.657  1.073
Kb  1.30 -0.3960  8.9125   7.887  7.524  6.659  6.117  5.557  4.756  4.108  3.940  1.228  0.865  0.542  1.102  1.903  2.551  2.719    5.729    4.751    3.794    3.210    2.553    1.826    1.349    1.219  7.589  6.688  6.026  5.607  0.902  0.662  1.081
Kb  1.30 -0.3960 10.0000   7.992  7.611  6.733  6.183  5.617  4.812  4.161  3.993  1.260  0.878  0.549  1.115  1.921  2.571  2.739    6.295    5.130    4.047    3.402    2.690    1.916    1.412    1.276  7.678  6.762  6.092  5.668  0.916  0.670  1.094
Kb  1.30 -0.3960 11.2202   8.082  7.686  6.799  6.244  5.674  4.865  4.213  4.044  1.283  0.888  0.554  1.124  1.934  2.586  2.755    6.814    5.481    4.287    3.589    2.826    2.005    1.476    1.333  7.755  6.828  6.153  5.726  0.927  0.675  1.102
Kb  1.30 -0.3960 12.5893   8.186  7.776  6.879  6.320  5.745  4.930  4.276  4.106  1.307  0.897  0.559  1.134  1.949  2.604  2.774    7.480    5.938    4.605    3.837    3.008    2.124    1.560    1.407  7.846  6.909  6.228  5.798  0.937  0.681  1.112
Kb  1.30 -0.3960 14.1254   8.306  7.876  6.965  6.398  5.815  4.990  4.330  4.158  1.341  0.911  0.567  1.150  1.976  2.635  2.807    8.336    6.491    4.972    4.113    3.200    2.238    1.636    1.472  7.948  6.996  6.307  5.869  0.952  0.689  1.127
Kb  1.30 -0.3960 15.8489   8.440  7.993  7.071  6.498  5.909  5.084  4.425  4.254  1.368  0.922  0.574  1.163  1.988  2.647  2.817    9.398    7.212    5.467    4.493    3.478    2.434    1.779    1.604  8.068  7.103  6.406  5.964  0.965  0.697  1.139
Kb  1.30 -0.3960 17.7828   8.518  8.059  7.127  6.548  5.955  5.129  4.469  4.300  1.391  0.932  0.579  1.173  1.998  2.658  2.827   10.052    7.625    5.727    4.685    3.612    2.526    1.845    1.665  8.135  7.159  6.457  6.011  0.976  0.702  1.148
Kb  1.30  0.0000  0.0631   2.459  2.839  2.742  2.583  2.364  1.932  1.464  1.340 -0.283  0.098  0.159  0.377  0.810  1.277  1.401    0.047    0.078    0.126    0.152    0.165    0.166    0.145    0.136  2.850  2.745  2.548  2.383  0.105  0.196  0.362
Kb  1.30  0.0000  0.0708   2.573  2.933  2.823  2.659  2.435  1.996  1.532  1.410 -0.250  0.110  0.164  0.388  0.827  1.291  1.413    0.052    0.084    0.135    0.162    0.176    0.175    0.153    0.145  2.944  2.826  2.623  2.454  0.117  0.203  0.372
Kb  1.30  0.0000  0.0794   2.684  3.027  2.919  2.758  2.537  2.101  1.641  1.521 -0.235  0.108  0.161  0.382  0.819  1.278  1.398    0.058    0.092    0.147    0.177    0.192    0.192    0.169    0.159  3.039  2.922  2.723  2.555  0.116  0.200  0.367
Kb  1.30  0.0000  0.0891   2.781  3.099  2.985  2.822  2.600  2.163  1.710  1.592 -0.203  0.115  0.162  0.385  0.821  1.275  1.393    0.063    0.097    0.155    0.187    0.202    0.203    0.179    0.169  3.111  2.988  2.787  2.618  0.123  0.201  0.370
Kb  1.30  0.0000  0.1000   2.889  3.179  3.057  2.892  2.667  2.227  1.775  1.658 -0.168  0.122  0.165  0.390  0.830  1.281  1.398    0.069    0.104    0.165    0.198    0.214    0.214    0.189    0.179  3.190  3.061  2.856  2.686  0.130  0.205  0.374
Kb  1.30  0.0000  0.1122   2.994  3.258  3.131  2.965  2.739  2.295  1.842  1.725 -0.137  0.126  0.167  0.392  0.837  1.289  1.406    0.076    0.112    0.176    0.211    0.228    0.227    0.200    0.190  3.269  3.135  2.928  2.758  0.134  0.207  0.377
Kb  1.30  0.0000  0.1259   3.101  3.339  3.208  3.026  2.697  1.754  1.045  0.784 -0.107  0.131  0.182  0.511  1.454  2.163  2.424    0.083    0.120    0.188    0.222    0.219    0.137    0.096    0.079  3.350  3.212  2.988  2.715  0.139  0.224  0.496
Kb  1.30  0.0000  0.1413   3.209  3.420  3.287  3.108  2.791  1.874  1.178  0.919 -0.077  0.133  0.179  0.496  1.412  2.109  2.367    0.092    0.129    0.202    0.239    0.237    0.153    0.108    0.090  3.431  3.291  3.070  2.809  0.140  0.221  0.482
Kb  1.30  0.0000  0.1585   3.326  3.510  3.378  3.203  2.901  2.030  1.350  1.098 -0.052  0.132  0.175  0.477  1.348  2.028  2.280    0.101    0.139    0.218    0.259    0.261    0.175    0.126    0.105  3.521  3.382  3.167  2.919  0.138  0.216  0.464
Kb  1.30  0.0000  0.1778   3.454  3.601  3.462  3.289  2.998  2.164  1.502  1.256 -0.008  0.139  0.173  0.464  1.298  1.961  2.206    0.114    0.151    0.235    0.279    0.284    0.197    0.144    0.121  3.612  3.467  3.252  3.016  0.145  0.215  0.451
Kb  1.30  0.0000  0.1995   3.574  3.688  3.541  3.369  3.092  2.308  1.670  1.434  0.033  0.146  0.172  0.449  1.233  1.871  2.107    0.126    0.162    0.251    0.299    0.309    0.224    0.167    0.142  3.698  3.547  3.333  3.110  0.152  0.214  0.436
Kb  1.30  0.0000  0.2239   3.718  3.793  3.633  3.459  3.190  2.449  1.835  1.611  0.085  0.160  0.174  0.443  1.184  1.797  2.022    0.144    0.178    0.272    0.324    0.336    0.254    0.194    0.166  3.803  3.639  3.422  3.208  0.165  0.217  0.431
Kb  1.30  0.0000  0.2512   3.868  3.896  3.719  3.541  3.265  2.513  1.898  1.672  0.149  0.176  0.179  0.454  1.206  1.822  2.047    0.164    0.195    0.294    0.348    0.359    0.269    0.204    0.175  3.906  3.726  3.503  3.284  0.181  0.223  0.441
Kb  1.30  0.0000  0.2818   4.011  3.995  3.805  3.624  3.345  2.580  1.963  1.736  0.206  0.190  0.181  0.460  1.225  1.843  2.070    0.187    0.213    0.317    0.374    0.385    0.285    0.216    0.185  4.006  3.812  3.586  3.364  0.194  0.226  0.448
Kb  1.30  0.0000  0.3162   4.153  4.100  3.891  3.705  3.422  2.661  2.050  1.825  0.261  0.208  0.187  0.469  1.231  1.842  2.066    0.212    0.233    0.341    0.401    0.411    0.305    0.233    0.200  4.110  3.899  3.665  3.442  0.212  0.234  0.457
Kb  1.30  0.0000  0.3548   4.284  4.203  3.971  3.773  3.480  2.712  2.101  1.878  0.313  0.232  0.198  0.492  1.260  1.870  2.093    0.238    0.256    0.366    0.425    0.432    0.318    0.243    0.209  4.215  3.980  3.731  3.501  0.235  0.249  0.479
Kb  1.30  0.0000  0.3981   4.414  4.318  4.062  3.851  3.546  2.770  2.160  1.937  0.352  0.256  0.211  0.516  1.292  1.902  2.125    0.267    0.283    0.396    0.455    0.457    0.335    0.256    0.220  4.330  4.072  3.807  3.568  0.258  0.265  0.504
Kb  1.30  0.0000  0.4467   4.547  4.435  4.150  3.923  3.605  2.822  2.211  1.990  0.397  0.285  0.227  0.545  1.328  1.939  2.160    0.300    0.314    0.428    0.484    0.480    0.349    0.267    0.230  4.448  4.162  3.875  3.628  0.286  0.286  0.534
Kb  1.30  0.0000  0.5012   4.687  4.561  4.242  3.997  3.665  2.870  2.257  2.037  0.444  0.319  0.245  0.578  1.372  1.985  2.206    0.340    0.351    0.463    0.516    0.506    0.364    0.277    0.239  4.575  4.255  3.946  3.689  0.320  0.309  0.566
Kb  1.30  0.0000  0.5623   4.827  4.700  4.345  4.082  3.739  2.930  2.316  2.096  0.482  0.355  0.263  0.606  1.415  2.029  2.249    0.386    0.397    0.507    0.555    0.539    0.383    0.292    0.251  4.716  4.359  4.028  3.765  0.358  0.331  0.594
Kb  1.30  0.0000  0.6310   4.973  4.845  4.454  4.174  3.813  2.998  2.381  2.161  0.518  0.391  0.280  0.641  1.456  2.074  2.293    0.439    0.452    0.559    0.602    0.575    0.406    0.308    0.266  4.863  4.470  4.117  3.840  0.393  0.353  0.630
Kb  1.30  0.0000  0.7079   5.118  4.993  4.562  4.260  3.884  3.061  2.440  2.221  0.557  0.432  0.302  0.678  1.500  2.121  2.341    0.500    0.516    0.614    0.648    0.611    0.428    0.324    0.279  5.013  4.578  4.198  3.912  0.435  0.380  0.666
Kb  1.30  0.0000  0.7943   5.270  5.139  4.665  4.340  3.947  3.117  2.493  2.274  0.606  0.475  0.325  0.717  1.548  2.172  2.390    0.572    0.587    0.672    0.695    0.645    0.449    0.339    0.292  5.162  4.683  4.275  3.977  0.480  0.408  0.706
Kb  1.30  0.0000  0.8913   5.422  5.284  4.770  4.425  4.016  3.172  2.542  2.323  0.652  0.514  0.345  0.754  1.598  2.228  2.447    0.655    0.668    0.737    0.748    0.683    0.470    0.353    0.304  5.310  4.789  4.356  4.046  0.521  0.433  0.742
Kb  1.30  0.0000  1.0000   5.570  5.432  4.878  4.513  4.091  3.240  2.608  2.389  0.692  0.554  0.365  0.787  1.638  2.270  2.489    0.747    0.762    0.810    0.807    0.729    0.498    0.373    0.322  5.461  4.898  4.441  4.123  0.563  0.458  0.775
Kb  1.30  0.0000  1.1220   5.727  5.568  4.974  4.590  4.157  3.300  2.667  2.450  0.753  0.594  0.384  0.818  1.674  2.307  2.524    0.859    0.859    0.881    0.862    0.771    0.524    0.392    0.339  5.600  4.995  4.515  4.189  0.605  0.480  0.806
Kb  1.30  0.0000  1.2589   5.886  5.681  5.027  4.609  4.149  3.280  2.637  2.425  0.859  0.654  0.418  0.878  1.748  2.390  2.603    0.990    0.949    0.921    0.874    0.762    0.511    0.380    0.329  5.719  5.049  4.529  4.183  0.670  0.520  0.866
Kb  1.30  0.0000  1.4125   6.034  5.780  5.066  4.616  4.130  3.253  2.602  2.395  0.968  0.714  0.451  0.936  1.813  2.464  2.671    1.129    1.035    0.950    0.875    0.745    0.496    0.366    0.319  5.825  5.089  4.531  4.166  0.736  0.558  0.923
Kb  1.30  0.0000  1.5849   6.254  6.016  5.296  4.831  4.318  3.391  2.709  2.487  0.959  0.720  0.464  0.978  1.905  2.586  2.808    1.370    1.274    1.162    1.057    0.877    0.558    0.400    0.344  6.062  5.319  4.746  4.355  0.743  0.573  0.964
Kb  1.30  0.0000  1.7783   6.433  6.177  5.436  4.960  4.434  3.518  2.837  2.619  0.997  0.741  0.476  1.002  1.918  2.599  2.817    1.606    1.470    1.316    1.183    0.971    0.625    0.447    0.386  6.226  5.459  4.872  4.472  0.766  0.587  0.987
Kb  1.30  0.0000  1.9953   6.611  6.335  5.574  5.088  4.557  3.665  2.991  2.781  1.037  0.761  0.486  1.017  1.909  2.583  2.793    1.883    1.691    1.487    1.325    1.082    0.712    0.513    0.446  6.385  5.597  5.000  4.596  0.788  0.598  1.001
Kb  1.30  0.0000  2.2387   6.777  6.474  5.688  5.190  4.648  3.762  3.089  2.883  1.089  0.786  0.498  1.040  1.926  2.599  2.805    2.186    1.915    1.644    1.449    1.171    0.775    0.559    0.488  6.528  5.712  5.100  4.688  0.816  0.612  1.024
Kb  1.30  0.0000  2.5119   6.940  6.609  5.800  5.292  4.744  3.860  3.188  2.985  1.140  0.809  0.508  1.056  1.940  2.612  2.815    2.530    2.159    1.815    1.586    1.275    0.844    0.610    0.534  6.666  5.825  5.201  4.785  0.842  0.623  1.039
Kb  1.30  0.0000  2.8184   7.110  6.751  5.919  5.400  4.839  3.943  3.265  3.061  1.191  0.832  0.519  1.080  1.976  2.653  2.858    2.944    2.448    2.016    1.743    1.384    0.907    0.652    0.570  6.810  5.944  5.307  4.880  0.867  0.636  1.063
Kb  1.30  0.0000  3.1623   7.283  6.889  6.032  5.501  4.927  4.022  3.340  3.136  1.251  0.857  0.531  1.105  2.010  2.692  2.896    3.438    2.769    2.229    1.905    1.496    0.972    0.696    0.608  6.952  6.057  5.407  4.970  0.894  0.650  1.087
Kb  1.30  0.0000  3.5481   7.433  7.010  6.136  5.597  5.015  4.099  3.413  3.209  1.296  0.874  0.539  1.122  2.037  2.723  2.928    3.933    3.086    2.444    2.074    1.616    1.040    0.742    0.648  7.076  6.162  5.502  5.058  0.914  0.660  1.104
Kb  1.30  0.0000  3.9811   7.583  7.136  6.247  5.702  5.117  4.208  3.525  3.324  1.335  0.889  0.546  1.131  2.040  2.722  2.924    4.497    3.450    2.696    2.274    1.767    1.144    0.819    0.717  7.204  6.273  5.606  5.161  0.930  0.667  1.113
Kb  1.30  0.0000  4.4668   7.646  7.206  6.322  5.776  5.191  4.283  3.602  3.401  1.324  0.885  0.545  1.131  2.039  2.720  2.921    4.745    3.666    2.875    2.426    1.884    1.221    0.875    0.767  7.274  6.348  5.681  5.235  0.926  0.666  1.112
Kb  1.30  0.0000  5.0119   7.774  7.312  6.413  5.860  5.268  4.350  3.665  3.463  1.361  0.899  0.553  1.145  2.063  2.748  2.950    5.322    4.026    3.117    2.613    2.016    1.295    0.924    0.809  7.381  6.439  5.765  5.313  0.942  0.674  1.126
Kb  1.30  0.0000  5.6234   7.920  7.433  6.519  5.959  5.360  4.435  3.748  3.545  1.400  0.914  0.560  1.160  2.084  2.772  2.975    6.066    4.488    3.427    2.853    2.187    1.396    0.994    0.870  7.505  6.546  5.863  5.406  0.959  0.683  1.140
Kb  1.30  0.0000  6.3096   8.070  7.584  6.672  6.113  5.518  4.609  3.930  3.732  1.397  0.912  0.559  1.154  2.064  2.742  2.941    6.943    5.141    3.933    3.277    2.523    1.632    1.172    1.030  7.656  6.699  6.018  5.565  0.956  0.682  1.134
Kb  1.30  0.0000  7.0795   8.192  7.689  6.766  6.201  5.600  4.684  4.003  3.803  1.426  0.923  0.565  1.166  2.083  2.763  2.963    7.748    5.644    4.274    3.542    2.712    1.743    1.249    1.097  7.762  6.794  6.105  5.648  0.969  0.688  1.146
Kb  1.30  0.0000  7.9433   8.324  7.800  6.865  6.294  5.687  4.764  4.082  3.882  1.458  0.935  0.571  1.178  2.101  2.783  2.983    8.719    6.233    4.668    3.846    2.929    1.872    1.340    1.175  7.875  6.893  6.198  5.736  0.982  0.695  1.157
Kb  1.30  0.0000  8.9125   8.453  7.905  6.956  6.377  5.762  4.830  4.144  3.942  1.497  0.949  0.579  1.194  2.126  2.812  3.014    9.795    6.848    5.061    4.140    3.130    1.983    1.415    1.239  7.983  6.984  6.280  5.811  0.999  0.704  1.172
Kb  1.30  0.0000 10.0000   8.577  8.008  7.047  6.462  5.841  4.905  4.219  4.017  1.530  0.961  0.585  1.206  2.142  2.828  3.030   10.949    7.508    5.489    4.464    3.357    2.120    1.512    1.324  8.088  7.075  6.364  5.892  1.012  0.711  1.184
Kb  1.30  0.0000 11.2202   8.705  8.111  7.136  6.544  5.916  4.969  4.280  4.076  1.569  0.975  0.593  1.220  2.167  2.856  3.060   12.285    8.231    5.942    4.800    3.586    2.243    1.595    1.394  8.193  7.165  6.446  5.967  1.028  0.719  1.198
Kb  1.30  0.0000 12.5893   8.836  8.215  7.225  6.625  5.991  5.043  4.353  4.150  1.611  0.989  0.600  1.234  2.183  2.872  3.075   13.819    9.027    6.430    5.159    3.830    2.392    1.701    1.488  8.299  7.254  6.527  6.043  1.045  0.727  1.211
Kb  1.30  0.0000 14.1254   8.961  8.309  7.303  6.695  6.052  5.092  4.399  4.193  1.658  1.005  0.609  1.251  2.211  2.905  3.110   15.465    9.816    6.889    5.484    4.040    2.496    1.768    1.544  8.396  7.333  6.596  6.105  1.063  0.737  1.228
Kb  1.30  0.0000 15.8489   9.079  8.401  7.383  6.768  6.119  5.150  4.455  4.249  1.695  1.018  0.615  1.265  2.233  2.928  3.135   17.182   10.657    7.395    5.851    4.284    2.627    1.857    1.620  8.491  7.413  6.669  6.173  1.077  0.744  1.240
Kb  1.30  0.0000 17.7828   9.205  8.500  7.469  6.846  6.190  5.214  4.516  4.309  1.736  1.031  0.623  1.279  2.255  2.953  3.160   19.249   11.640    7.980    6.271    4.561    2.777    1.959    1.707  8.592  7.499  6.747  6.245  1.093  0.752  1.254
Kb  1.30  0.2223  0.0631   2.605  2.990  2.907  2.716  2.422  1.856  1.271  1.109 -0.302  0.083  0.191  0.485  1.051  1.635  1.797    0.054    0.089    0.146    0.171    0.174    0.154    0.121    0.110  3.002  2.908  2.676  2.444  0.094  0.231  0.464
Kb  1.30  0.2223  0.0708   2.700  3.060  2.975  2.794  2.514  1.962  1.394  1.236 -0.274  0.085  0.181  0.461  1.013  1.580  1.739    0.059    0.095    0.155    0.183    0.188    0.169    0.135    0.123  3.072  2.976  2.756  2.535  0.096  0.220  0.441
Kb  1.30  0.2223  0.0794   2.803  3.132  3.042  2.865  2.596  2.060  1.508  1.354 -0.239  0.090  0.177  0.446  0.981  1.533  1.688    0.064    0.101    0.164    0.195    0.202    0.185    0.149    0.136  3.143  3.043  2.828  2.616  0.100  0.215  0.427
Kb  1.30  0.2223  0.0891   2.897  3.196  3.100  2.927  2.666  2.144  1.607  1.456 -0.204  0.096  0.174  0.434  0.957  1.494  1.644    0.070    0.106    0.173    0.205    0.215    0.199    0.162    0.149  3.207  3.102  2.890  2.686  0.105  0.213  0.416
Kb  1.30  0.2223  0.1000   2.987  3.262  3.161  2.989  2.738  2.227  1.704  1.557 -0.174  0.101  0.172  0.423  0.934  1.457  1.604    0.075    0.113    0.182    0.216    0.229    0.213    0.177    0.163  3.273  3.163  2.953  2.757  0.110  0.210  0.405
Kb  1.30  0.2223  0.1122   3.095  3.339  3.235  3.068  2.827  2.330  1.823  1.679 -0.140  0.105  0.167  0.408  0.904  1.412  1.556    0.083    0.120    0.194    0.232    0.247    0.234    0.197    0.182  3.350  3.237  3.032  2.846  0.113  0.205  0.391
Kb  1.30  0.2223  0.1259   3.206  3.418  3.306  3.135  2.858  2.005  1.333  1.088 -0.100  0.112  0.171  0.448  1.301  1.973  2.218    0.092    0.129    0.206    0.245    0.253    0.172    0.125    0.105  3.428  3.309  3.099  2.875  0.120  0.210  0.434
Kb  1.30  0.2223  0.1413   3.316  3.497  3.381  3.213  2.948  2.145  1.495  1.259 -0.065  0.116  0.168  0.433  1.236  1.886  2.122    0.101    0.138    0.220    0.262    0.274    0.195    0.144    0.122  3.507  3.384  3.177  2.965  0.123  0.207  0.420
Kb  1.30  0.2223  0.1585   3.443  3.585  3.459  3.291  3.035  2.297  1.678  1.456 -0.017  0.126  0.168  0.424  1.162  1.782  2.003    0.113    0.149    0.235    0.281    0.295    0.224    0.170    0.146  3.595  3.463  3.255  3.053  0.132  0.208  0.410
Kb  1.30  0.2223  0.1778   3.570  3.675  3.536  3.366  3.115  2.416  1.819  1.608  0.034  0.140  0.169  0.421  1.120  1.717  1.927    0.126    0.161    0.251    0.299    0.316    0.249    0.192    0.167  3.685  3.540  3.330  3.133  0.145  0.210  0.407
Kb  1.30  0.2223  0.1995   3.715  3.776  3.623  3.453  3.208  2.552  1.982  1.784  0.092  0.154  0.170  0.415  1.071  1.640  1.838    0.144    0.176    0.271    0.323    0.343    0.280    0.223    0.196  3.786  3.628  3.416  3.226  0.158  0.211  0.402
Kb  1.30  0.2223  0.2239   3.860  3.873  3.701  3.526  3.281  2.641  2.086  1.895  0.159  0.172  0.175  0.420  1.060  1.615  1.806    0.164    0.192    0.290    0.344    0.365    0.303    0.244    0.216  3.883  3.707  3.488  3.299  0.176  0.218  0.407
Kb  1.30  0.2223  0.2512   4.013  3.979  3.785  3.604  3.353  2.698  2.142  1.949  0.228  0.193  0.181  0.433  1.088  1.643  1.836    0.188    0.210    0.312    0.368    0.389    0.318    0.256    0.226  3.989  3.792  3.565  3.372  0.197  0.227  0.420
Kb  1.30  0.2223  0.2818   4.151  4.082  3.871  3.684  3.428  2.759  2.202  2.007  0.280  0.212  0.187  0.443  1.112  1.669  1.864    0.212    0.230    0.336    0.394    0.415    0.335    0.269    0.237  4.093  3.878  3.643  3.448  0.215  0.235  0.430
Kb  1.30  0.2223  0.3162   4.286  4.195  3.958  3.758  3.491  2.813  2.256  2.061  0.328  0.237  0.200  0.467  1.145  1.701  1.897    0.239    0.254    0.362    0.420    0.438    0.351    0.282    0.248  4.206  3.966  3.715  3.511  0.240  0.252  0.455
Kb  1.30  0.2223  0.3548   4.418  4.310  4.045  3.830  3.549  2.854  2.295  2.097  0.373  0.265  0.215  0.496  1.191  1.751  1.948    0.269    0.282    0.391    0.447    0.460    0.363    0.291    0.256  4.323  4.055  3.784  3.571  0.268  0.271  0.484
Kb  1.30  0.2223  0.3981   4.563  4.439  4.145  3.914  3.623  2.907  2.342  2.142  0.417  0.294  0.231  0.523  1.238  1.803  2.003    0.306    0.316    0.427    0.482    0.490    0.380    0.302    0.265  4.453  4.157  3.865  3.645  0.296  0.292  0.511
Kb  1.30  0.2223  0.4467   4.704  4.572  4.244  3.997  3.696  2.954  2.381  2.179  0.460  0.328  0.247  0.548  1.290  1.863  2.065    0.347    0.356    0.466    0.518    0.522    0.394    0.312    0.273  4.586  4.256  3.945  3.720  0.330  0.311  0.537
Kb  1.30  0.2223  0.5012   4.844  4.707  4.341  4.076  3.763  2.995  2.415  2.211  0.503  0.366  0.265  0.578  1.346  1.926  2.130    0.393    0.401    0.508    0.554    0.553    0.408    0.321    0.281  4.723  4.354  4.020  3.787  0.369  0.334  0.567
Kb  1.30  0.2223  0.5623   4.995  4.855  4.446  4.159  3.826  3.052  2.468  2.264  0.548  0.409  0.287  0.620  1.394  1.978  2.182    0.450    0.458    0.557    0.596    0.584    0.428    0.335    0.293  4.874  4.461  4.100  3.852  0.412  0.362  0.609
Kb  1.30  0.2223  0.6310   5.144  5.003  4.553  4.245  3.899  3.114  2.526  2.322  0.591  0.450  0.308  0.654  1.439  2.027  2.231    0.514    0.523    0.612    0.642    0.622    0.451    0.352    0.308  5.024  4.569  4.182  3.926  0.455  0.388  0.643
Kb  1.30  0.2223  0.7079   5.308  5.160  4.667  4.338  3.974  3.179  2.586  2.381  0.641  0.493  0.329  0.693  1.488  2.081  2.287    0.595    0.601    0.677    0.697    0.664    0.477    0.371    0.324  5.184  4.685  4.272  4.003  0.499  0.414  0.682
Kb  1.30  0.2223  0.7943   5.483  5.318  4.780  4.429  4.049  3.238  2.639  2.432  0.703  0.539  0.351  0.731  1.542  2.141  2.347    0.696    0.693    0.747    0.754    0.708    0.502    0.387    0.338  5.346  4.799  4.358  4.079  0.547  0.441  0.720
Kb  1.30  0.2223  0.8913   5.659  5.472  4.891  4.519  4.122  3.292  2.684  2.477  0.768  0.581  0.372  0.769  1.599  2.207  2.414    0.815    0.795    0.824    0.816    0.754    0.525    0.402    0.350  5.503  4.911  4.445  4.153  0.593  0.466  0.758
Kb  1.30  0.2223  1.0000   5.824  5.611  4.990  4.600  4.189  3.346  2.734  2.528  0.833  0.621  0.390  0.802  1.644  2.256  2.463    0.944    0.899    0.899    0.875    0.798    0.549    0.419    0.366  5.646  5.011  4.524  4.221  0.635  0.488  0.790
Kb  1.30  0.2223  1.1220   5.999  5.759  5.100  4.693  4.267  3.413  2.796  2.590  0.899  0.659  0.407  0.833  1.688  2.304  2.510    1.105    1.026    0.991    0.949    0.854    0.581    0.442    0.386  5.798  5.122  4.614  4.300  0.676  0.508  0.822
Kb  1.30  0.2223  1.2589   6.160  5.886  5.187  4.758  4.316  3.452  2.829  2.624  0.973  0.699  0.428  0.871  1.735  2.358  2.563    1.276    1.147    1.068    1.004    0.889    0.600    0.453    0.396  5.929  5.209  4.676  4.350  0.720  0.532  0.859
Kb  1.30  0.2223  1.4125   6.312  5.981  5.220  4.753  4.273  3.392  2.751  2.548  1.093  0.762  0.466  0.946  1.828  2.469  2.672    1.461    1.247    1.095    0.994    0.851    0.565    0.420    0.368  6.032  5.242  4.666  4.310  0.789  0.577  0.933
Kb  1.30  0.2223  1.5849   6.497  6.123  5.307  4.800  4.245  3.200  2.480  2.242  1.190  0.816  0.507  1.062  2.107  2.827  3.065    1.720    1.411    1.179    1.031    0.824    0.470    0.325    0.275  6.180  5.331  4.708  4.283  0.850  0.622  1.048
Kb  1.30  0.2223  1.7783   6.707  6.366  5.575  5.083  4.556  3.639  2.967  2.756  1.131  0.790  0.493  1.019  1.936  2.609  2.820    2.071    1.752    1.499    1.328    1.089    0.700    0.505    0.439  6.420  5.599  4.993  4.595  0.821  0.606  1.004
Kb  1.30  0.2223  1.9953   6.881  6.520  5.711  5.208  4.671  3.760  3.088  2.881  1.171  0.810  0.503  1.040  1.951  2.622  2.830    2.421    2.010    1.689    1.482    1.204    0.778    0.562    0.490  6.577  5.735  5.117  4.711  0.842  0.618  1.024
Kb  1.30  0.2223  2.2387   7.053  6.662  5.829  5.313  4.764  3.850  3.176  2.971  1.224  0.834  0.515  1.064  1.978  2.652  2.858    2.822    2.280    1.874    1.626    1.306    0.841    0.607    0.530  6.722  5.853  5.221  4.805  0.869  0.632  1.048
Kb  1.30  0.2223  2.5119   7.232  6.813  5.959  5.433  4.870  3.939  3.258  3.051  1.273  0.854  0.526  1.089  2.020  2.701  2.908    3.313    2.608    2.104    1.807    1.433    0.909    0.651    0.568  6.876  5.983  5.339  4.911  0.892  0.644  1.072
Kb  1.30  0.2223  2.8184   7.410  6.957  6.079  5.542  4.966  4.025  3.340  3.133  1.331  0.878  0.538  1.113  2.055  2.740  2.946    3.889    2.966    2.341    1.990    1.560    0.980    0.699    0.610  7.023  6.104  5.447  5.008  0.919  0.658  1.096
Kb  1.30  0.2223  3.1623   7.587  7.088  6.182  5.631  5.047  4.104  3.419  3.214  1.405  0.906  0.551  1.135  2.078  2.763  2.968    4.559    3.333    2.563    2.152    1.673    1.050    0.749    0.655  7.158  6.208  5.535  5.090  0.951  0.672  1.118
Kb  1.30  0.2223  3.5481   7.743  7.202  6.271  5.709  5.115  4.153  3.462  3.254  1.472  0.931  0.562  1.157  2.118  2.809  3.017    5.240    3.684    2.770    2.302    1.773    1.094    0.776    0.676  7.276  6.297  5.612  5.158  0.979  0.685  1.139
Kb  1.30  0.2223  3.9811   7.900  7.332  6.387  5.818  5.215  4.228  3.529  3.316  1.512  0.944  0.569  1.172  2.159  2.858  3.071    6.030    4.137    3.071    2.536    1.938    1.168    0.823    0.713  7.408  6.413  5.720  5.259  0.994  0.693  1.154
Kb  1.30  0.2223  4.4668   8.031  7.438  6.481  5.906  5.301  4.326  3.631  3.422  1.550  0.957  0.575  1.180  2.155  2.850  3.059    6.780    4.548    3.336    2.740    2.089    1.273    0.900    0.784  7.516  6.507  5.807  5.345  1.009  0.700  1.162
Kb  1.30  0.2223  5.0119   8.096  7.520  6.573  6.001  5.399  4.423  3.730  3.521  1.523  0.947  0.571  1.174  2.150  2.843  3.052    7.171    4.884    3.616    2.979    2.278    1.387    0.983    0.855  7.596  6.599  5.903  5.443  0.998  0.696  1.155
Kb  1.30  0.2223  5.6234   8.237  7.637  6.677  6.099  5.489  4.504  3.808  3.598  1.560  0.960  0.578  1.188  2.173  2.869  3.079    8.132    5.417    3.965    3.246    2.465    1.489    1.052    0.914  7.715  6.703  6.000  5.534  1.012  0.703  1.169
Kb  1.30  0.2223  6.3096   8.400  7.777  6.806  6.220  5.603  4.609  3.911  3.700  1.594  0.971  0.585  1.203  2.196  2.895  3.106    9.416    6.143    4.449    3.618    2.728    1.634    1.152    1.001  7.858  6.833  6.121  5.649  1.025  0.711  1.183
Kb  1.30  0.2223  7.0795   8.538  7.893  6.911  6.320  5.698  4.689  3.987  3.773  1.627  0.982  0.591  1.213  2.222  2.924  3.138   10.669    6.816    4.889    3.957    2.970    1.755    1.233    1.068  7.975  6.938  6.221  5.745  1.037  0.717  1.193
Kb  1.30  0.2223  7.9433   8.679  8.004  7.009  6.411  5.782  4.761  4.054  3.837  1.670  0.995  0.598  1.227  2.248  2.955  3.172   12.104    7.529    5.334    4.290    3.199    1.868    1.307    1.129  8.089  7.036  6.312  5.830  1.052  0.725  1.207
Kb  1.30  0.2223  8.9125   8.817  8.113  7.104  6.500  5.866  4.844  4.138  3.923  1.712  1.008  0.604  1.239  2.261  2.966  3.182   13.703    8.293    5.806    4.641    3.445    2.010    1.408    1.218  8.199  7.132  6.400  5.914  1.067  0.732  1.218
Kb  1.30  0.2223 10.0000   8.946  8.216  7.197  6.586  5.946  4.926  4.222  4.009  1.749  1.019  0.611  1.251  2.271  2.975  3.188   15.394    9.098    6.303    5.009    3.699    2.161    1.517    1.314  8.305  7.225  6.486  5.996  1.080  0.739  1.229
Kb  1.30  0.2223 11.2202   9.084  8.320  7.285  6.666  6.018  4.989  4.282  4.068  1.799  1.035  0.619  1.267  2.296  3.002  3.217   17.423    9.983    6.816    5.374    3.941    2.284    1.599    1.384  8.412  7.313  6.565  6.068  1.099  0.748  1.245
Kb  1.30  0.2223 12.5893   9.230  8.430  7.379  6.752  6.097  5.056  4.347  4.130  1.851  1.051  0.627  1.283  2.323  3.033  3.249   19.877   11.020    7.415    5.802    4.226    2.423    1.692    1.462  8.525  7.408  6.650  6.148  1.117  0.758  1.260
Kb  1.30  0.2223 14.1254   9.369  8.533  7.467  6.832  6.171  5.129  4.420  4.205  1.902  1.066  0.635  1.296  2.338  3.046  3.262   22.523   12.082    8.016    6.227    4.510    2.584    1.805    1.561  8.631  7.496  6.730  6.223  1.135  0.766  1.273
Kb  1.30  0.2223 15.8489   9.509  8.642  7.563  6.920  6.249  5.193  4.481  4.263  1.945  1.079  0.643  1.314  2.370  3.082  3.300   25.557   13.323    8.736    6.736    4.838    2.735    1.904    1.643  8.743  7.592  6.818  6.303  1.150  0.775  1.289
Kb  1.30  0.2223 17.7828   9.638  8.745  7.656  7.006  6.327  5.258  4.543  4.323  1.982  1.090  0.650  1.329  2.398  3.113  3.333   28.717   14.611    9.490    7.271    5.181    2.895    2.010    1.732  8.848  7.686  6.903  6.381  1.162  0.783  1.304
