Ch  1.30 -2.3152  0.0631   1.962  2.566  2.694  2.719  2.755  2.800  2.732  2.713 -0.732 -0.128 -0.025 -0.061 -0.106 -0.039 -0.020    0.028    0.056    0.112    0.160    0.220    0.344    0.433    0.449  2.570  2.687  2.725  2.751 -0.117 -0.039 -0.065
Ch  1.30 -2.3152  0.0708   2.049  2.629  2.747  2.766  2.793  2.822  2.742  2.721 -0.697 -0.118 -0.019 -0.046 -0.075  0.004  0.026    0.030    0.059    0.117    0.166    0.227    0.348    0.434    0.449  2.633  2.740  2.771  2.790 -0.107 -0.031 -0.050
Ch  1.30 -2.3152  0.0794   2.133  2.687  2.794  2.808  2.825  2.837  2.747  2.723 -0.661 -0.107 -0.013 -0.031 -0.042  0.048  0.071    0.032    0.062    0.121    0.171    0.232    0.350    0.432    0.446  2.691  2.789  2.811  2.823 -0.097 -0.023 -0.035
Ch  1.30 -2.3152  0.0891   2.212  2.744  2.840  2.848  2.856  2.850  2.749  2.724 -0.629 -0.096 -0.007 -0.015 -0.010  0.092  0.117    0.034    0.065    0.125    0.176    0.236    0.351    0.430    0.443  2.748  2.835  2.850  2.855 -0.087 -0.014 -0.020
Ch  1.30 -2.3152  0.1000   2.307  2.817  2.903  2.904  2.904  2.885  2.776  2.750 -0.596 -0.086 -0.001 -0.001  0.018  0.127  0.153    0.037    0.069    0.132    0.184    0.245    0.360    0.437    0.450  2.821  2.898  2.905  2.904 -0.078 -0.007 -0.006
Ch  1.30 -2.3152  0.1122   2.384  2.873  2.946  2.939  2.928  2.887  2.765  2.737 -0.562 -0.074  0.007  0.018  0.059  0.181  0.210    0.040    0.072    0.136    0.188    0.248    0.358    0.429    0.441  2.877  2.942  2.938  2.929 -0.066  0.004  0.013
Ch  1.30 -2.3152  0.1259   2.459  2.927  2.988  2.973  2.949  2.884  2.746  2.716 -0.529 -0.061  0.016  0.040  0.104  0.242  0.273    0.042    0.075    0.140    0.193    0.251    0.354    0.418    0.428  2.931  2.985  2.969  2.951 -0.054  0.016  0.034
Ch  1.30 -2.3152  0.1413   2.548  2.991  3.040  3.017  2.984  2.902  2.752  2.719 -0.492 -0.049  0.023  0.057  0.138  0.289  0.322    0.045    0.079    0.146    0.199    0.257    0.356    0.416    0.426  2.995  3.038  3.012  2.987 -0.043  0.026  0.051
Ch  1.30 -2.3152  0.1585   2.559  2.845  2.551  2.242  1.884  1.321  0.783  0.665  0.008  0.294  0.309  0.666  1.230  1.768  1.886    0.045    0.068    0.092    0.097    0.093    0.082    0.067    0.064  2.867  2.559  2.179  1.911  0.308  0.380  0.648
Ch  1.30 -2.3152  0.1778   2.642  2.897  2.585  2.266  1.900  1.327  0.783  0.663  0.057  0.312  0.319  0.685  1.258  1.802  1.922    0.048    0.071    0.094    0.098    0.093    0.082    0.067    0.063  2.921  2.594  2.202  1.927  0.327  0.392  0.667
Ch  1.30 -2.3152  0.1995   2.724  2.951  2.621  2.292  1.918  1.335  0.785  0.663  0.103  0.330  0.328  0.703  1.286  1.836  1.957    0.052    0.074    0.097    0.100    0.094    0.082    0.066    0.063  2.975  2.630  2.226  1.945  0.345  0.404  0.685
Ch  1.30 -2.3152  0.2239   2.810  3.009  2.660  2.322  1.938  1.345  0.788  0.665  0.150  0.349  0.339  0.723  1.315  1.872  1.995    0.056    0.077    0.099    0.101    0.095    0.082    0.066    0.062  3.035  2.670  2.254  1.966  0.364  0.416  0.705
Ch  1.30 -2.3152  0.2512   2.896  3.069  2.702  2.354  1.960  1.357  0.794  0.669  0.194  0.367  0.348  0.741  1.345  1.908  2.033    0.060    0.081    0.102    0.103    0.096    0.082    0.066    0.062  3.095  2.712  2.284  1.989  0.383  0.428  0.723
Ch  1.30 -2.3152  0.2818   3.002  3.149  2.758  2.397  1.992  1.376  0.805  0.678  0.244  0.391  0.361  0.766  1.382  1.953  2.080    0.065    0.086    0.107    0.107    0.098    0.083    0.066    0.062  3.177  2.769  2.325  2.021  0.408  0.444  0.748
Ch  1.30 -2.3152  0.3162   3.100  3.236  2.864  2.517  2.124  1.520  0.957  0.831  0.236  0.372  0.347  0.740  1.344  1.907  2.033    0.071    0.093    0.117    0.118    0.109    0.094    0.075    0.070  3.261  2.875  2.448  2.153  0.387  0.426  0.722
Ch  1.30 -2.3152  0.3548   3.195  3.307  2.935  2.592  2.203  1.603  1.042  0.917  0.260  0.371  0.343  0.732  1.333  1.893  2.018    0.076    0.098    0.123    0.125    0.117    0.100    0.080    0.076  3.332  2.946  2.524  2.231  0.386  0.422  0.715
Ch  1.30 -2.3152  0.3981   3.299  3.390  3.019  2.680  2.293  1.696  1.138  1.012  0.280  0.371  0.339  0.726  1.324  1.882  2.007    0.083    0.105    0.132    0.135    0.126    0.108    0.087    0.082  3.415  3.030  2.612  2.321  0.385  0.418  0.709
Ch  1.30 -2.3152  0.4467   3.427  3.517  3.167  2.844  2.472  1.891  1.345  1.222  0.260  0.351  0.323  0.695  1.275  1.821  1.944    0.093    0.117    0.150    0.155    0.147    0.129    0.104    0.098  3.540  3.177  2.778  2.499  0.363  0.399  0.678
Ch  1.30 -2.3152  0.5012   3.506  3.585  3.231  2.910  2.541  1.966  1.425  1.304  0.274  0.353  0.321  0.690  1.266  1.806  1.927    0.099    0.123    0.158    0.164    0.155    0.137    0.111    0.105  3.607  3.242  2.845  2.568  0.365  0.397  0.674
Ch  1.30 -2.3152  0.5623   3.586  3.657  3.299  2.978  2.610  2.040  1.505  1.385  0.287  0.358  0.321  0.689  1.259  1.794  1.914    0.106    0.131    0.167    0.173    0.164    0.145    0.119    0.112  3.679  3.310  2.913  2.638  0.369  0.397  0.673
Ch  1.30 -2.3152  0.6310   3.669  3.735  3.370  3.048  2.680  2.114  1.584  1.465  0.298  0.365  0.322  0.690  1.256  1.786  1.905    0.113    0.139    0.176    0.183    0.174    0.154    0.127    0.120  3.757  3.382  2.983  2.708  0.375  0.400  0.675
Ch  1.30 -2.3152  0.7079   3.768  3.830  3.458  3.133  2.764  2.200  1.672  1.554  0.310  0.372  0.325  0.694  1.258  1.787  1.905    0.123    0.151    0.190    0.196    0.186    0.165    0.136    0.129  3.852  3.471  3.068  2.792  0.381  0.403  0.679
Ch  1.30 -2.3152  0.7943   3.888  3.952  3.590  3.275  2.914  2.364  1.846  1.730  0.297  0.361  0.315  0.676  1.226  1.745  1.860    0.136    0.167    0.212    0.222    0.212    0.191    0.159    0.150  3.973  3.603  3.211  2.942  0.370  0.392  0.661
Ch  1.30 -2.3152  0.8913   3.974  4.033  3.668  3.352  2.992  2.448  1.933  1.819  0.307  0.366  0.315  0.675  1.220  1.734  1.849    0.146    0.179    0.226    0.236    0.226    0.204    0.171    0.162  4.054  3.681  3.288  3.020  0.373  0.393  0.661
Ch  1.30 -2.3152  1.0000   4.047  4.101  3.727  3.411  3.052  2.515  2.008  1.895  0.320  0.374  0.316  0.675  1.212  1.719  1.832    0.155    0.189    0.237    0.247    0.237    0.216    0.181    0.173  4.121  3.740  3.346  3.080  0.381  0.394  0.661
Ch  1.30 -2.3152  1.1220   4.134  4.164  3.737  3.395  3.016  2.459  1.947  1.835  0.397  0.427  0.342  0.721  1.278  1.790  1.902    0.167    0.199    0.237    0.241    0.227    0.203    0.170    0.162  4.188  3.752  3.326  3.045  0.436  0.426  0.707
Ch  1.30 -2.3152  1.2589   4.255  4.235  3.709  3.314  2.894  2.289  1.752  1.636  0.546  0.525  0.395  0.815  1.421  1.957  2.073    0.185    0.210    0.229    0.222    0.201    0.172    0.141    0.133  4.266  3.726  3.236  2.926  0.540  0.490  0.800
Ch  1.30 -2.3152  1.4125   4.506  4.512  4.047  3.688  3.298  2.727  2.221  2.113  0.460  0.465  0.359  0.749  1.319  1.825  1.934    0.230    0.268    0.309    0.310    0.288    0.255    0.215    0.205  4.538  4.063  3.616  3.329  0.474  0.448  0.734
Ch  1.30 -2.3152  1.5849   4.580  4.579  4.104  3.741  3.350  2.778  2.278  2.172  0.476  0.476  0.362  0.754  1.325  1.826  1.932    0.244    0.283    0.323    0.323    0.300    0.265    0.224    0.215  4.606  4.121  3.669  3.381  0.485  0.452  0.740
Ch  1.30 -2.3152  1.7783   4.702  4.700  4.211  3.843  3.447  2.873  2.374  2.270  0.491  0.489  0.368  0.764  1.338  1.837  1.941    0.271    0.314    0.354    0.352    0.325    0.287    0.243    0.233  4.727  4.229  3.769  3.478  0.499  0.459  0.751
Ch  1.30 -2.3152  1.9953   4.844  4.846  4.358  3.993  3.600  3.031  2.538  2.435  0.486  0.488  0.365  0.759  1.327  1.820  1.923    0.307    0.356    0.403    0.401    0.372    0.329    0.281    0.269  4.872  4.376  3.921  3.631  0.496  0.456  0.745
Ch  1.30 -2.3152  2.2387   4.954  4.959  4.466  4.099  3.705  3.138  2.647  2.545  0.489  0.493  0.366  0.761  1.328  1.819  1.920    0.337    0.392    0.441    0.439    0.407    0.361    0.308    0.296  4.986  4.484  4.026  3.737  0.502  0.457  0.747
Ch  1.30 -2.3152  2.5119   5.064  5.082  4.598  4.239  3.851  3.295  2.814  2.714  0.467  0.484  0.359  0.747  1.303  1.784  1.883    0.371    0.436    0.495    0.496    0.462    0.414    0.356    0.343  5.108  4.616  4.167  3.883  0.491  0.449  0.734
Ch  1.30 -2.3152  2.8184   5.170  5.196  4.703  4.341  3.951  3.397  2.919  2.821  0.467  0.493  0.362  0.752  1.306  1.784  1.883    0.406    0.481    0.542    0.541    0.503    0.452    0.390    0.376  5.222  4.722  4.269  3.983  0.500  0.453  0.739
Ch  1.30 -2.3152  3.1623   5.262  5.298  4.800  4.436  4.047  3.497  3.023  2.926  0.462  0.498  0.363  0.753  1.303  1.777  1.874    0.439    0.525    0.588    0.587    0.546    0.492    0.427    0.412  5.324  4.819  4.364  4.079  0.505  0.455  0.740
Ch  1.30 -2.3152  3.5481   5.356  5.402  4.894  4.527  4.136  3.588  3.116  3.021  0.462  0.508  0.367  0.759  1.306  1.778  1.873    0.476    0.574    0.637    0.634    0.589    0.532    0.462    0.446  5.429  4.914  4.454  4.168  0.514  0.460  0.746
Ch  1.30 -2.3152  3.9811   5.469  5.523  5.002  4.631  4.236  3.689  3.219  3.124  0.467  0.521  0.372  0.766  1.314  1.784  1.878    0.525    0.638    0.700    0.693    0.642    0.579    0.504    0.488  5.550  5.023  4.557  4.269  0.527  0.466  0.754
Ch  1.30 -2.3152  4.4668   5.586  5.648  5.118  4.742  4.346  3.801  3.333  3.239  0.468  0.530  0.375  0.772  1.317  1.785  1.879    0.580    0.711    0.773    0.763    0.705    0.638    0.556    0.538  5.676  5.139  4.668  4.379  0.537  0.471  0.760
Ch  1.30 -2.3152  5.0119   5.700  5.770  5.232  4.853  4.454  3.913  3.448  3.356  0.469  0.538  0.379  0.778  1.318  1.783  1.876    0.641    0.790    0.853    0.839    0.774    0.704    0.615    0.596  5.798  5.253  4.778  4.488  0.544  0.475  0.765
Ch  1.30 -2.3152  5.6234   5.802  5.878  5.331  4.947  4.545  4.008  3.545  3.453  0.471  0.547  0.384  0.785  1.322  1.786  1.877    0.699    0.868    0.929    0.910    0.837    0.763    0.668    0.648  5.906  5.353  4.872  4.580  0.553  0.481  0.773
Ch  1.30 -2.3152  6.3096   5.927  6.007  5.451  5.062  4.657  4.123  3.660  3.570  0.477  0.556  0.389  0.794  1.328  1.791  1.881    0.780    0.972    1.032    1.006    0.923    0.844    0.739    0.717  6.036  5.474  4.987  4.693  0.562  0.487  0.781
Ch  1.30 -2.3152  7.0795   6.043  6.126  5.564  5.172  4.765  4.234  3.774  3.684  0.479  0.562  0.392  0.799  1.329  1.790  1.879    0.864    1.079    1.139    1.107    1.014    0.930    0.816    0.793  6.156  5.587  5.096  4.801  0.568  0.491  0.786
Ch  1.30 -2.3152  7.9433   6.161  6.246  5.676  5.280  4.871  4.341  3.882  3.793  0.486  0.570  0.395  0.804  1.334  1.794  1.883    0.958    1.198    1.256    1.217    1.112    1.021    0.896    0.872  6.276  5.700  5.204  4.908  0.576  0.496  0.792
Ch  1.30 -2.3152  8.9125   6.283  6.371  5.797  5.399  4.990  4.463  4.005  3.918  0.486  0.575  0.397  0.806  1.334  1.792  1.879    1.066    1.338    1.397    1.351    1.234    1.136    0.999    0.973  6.402  5.821  5.323  5.028  0.581  0.498  0.794
Ch  1.30 -2.3152 10.0000   6.422  6.512  5.938  5.541  5.134  4.613  4.159  4.072  0.484  0.575  0.397  0.803  1.325  1.779  1.865    1.206    1.517    1.583    1.532    1.403    1.298    1.146    1.116  6.543  5.963  5.465  5.172  0.580  0.497  0.790
Ch  1.30 -2.3152 11.2202   6.500  6.584  6.002  5.602  5.194  4.670  4.214  4.127  0.498  0.582  0.400  0.807  1.332  1.788  1.875    1.290    1.613    1.672    1.614    1.476    1.362    1.200    1.169  6.615  6.027  5.527  5.233  0.588  0.500  0.794
Ch  1.30 -2.3152 12.5893   6.601  6.683  6.107  5.709  5.302  4.782  4.326  4.240  0.494  0.576  0.398  0.805  1.325  1.781  1.867    1.401    1.749    1.823    1.762    1.613    1.493    1.317    1.283  6.714  6.132  5.634  5.341  0.582  0.498  0.792
Ch  1.30 -2.3152 14.1254   6.762  6.845  6.275  5.879  5.475  4.959  4.508  4.423  0.487  0.571  0.396  0.800  1.315  1.767  1.852    1.601    2.001    2.096    2.030    1.863    1.734    1.534    1.497  6.876  6.300  5.805  5.514  0.576  0.496  0.786
Ch  1.30 -2.3152 15.8489   6.873  6.951  6.383  5.987  5.584  5.069  4.617  4.533  0.489  0.567  0.396  0.799  1.314  1.766  1.850    1.752    2.180    2.290    2.218    2.037    1.896    1.678    1.638  6.982  6.409  5.914  5.624  0.573  0.495  0.785
Ch  1.30 -2.3152 17.7828   6.949  7.027  6.464  6.068  5.664  5.147  4.693  4.608  0.485  0.562  0.396  0.800  1.317  1.771  1.856    1.853    2.305    2.432    2.355    2.162    2.009    1.773    1.730  7.058  6.490  5.996  5.706  0.568  0.494  0.785
Ch  1.30 -1.7129  0.0631   1.864  2.348  2.392  2.358  2.310  2.192  2.004  1.970 -0.528 -0.044  0.035  0.082  0.200  0.388  0.422    0.026    0.046    0.085    0.115    0.147    0.197    0.222    0.227  2.354  2.390  2.349  2.315 -0.036  0.040  0.075
Ch  1.30 -1.7129  0.0708   1.965  2.434  2.471  2.432  2.379  2.252  2.058  2.024 -0.506 -0.037  0.039  0.091  0.218  0.412  0.447    0.028    0.050    0.091    0.122    0.155    0.207    0.232    0.237  2.439  2.469  2.423  2.384 -0.030  0.046  0.084
Ch  1.30 -1.7129  0.0794   2.060  2.507  2.534  2.490  2.430  2.293  2.093  2.058 -0.475 -0.027  0.044  0.104  0.241  0.441  0.477    0.030    0.053    0.096    0.128    0.162    0.213    0.238    0.243  2.513  2.533  2.480  2.436 -0.020  0.053  0.097
Ch  1.30 -1.7129  0.0891   2.146  2.574  2.591  2.539  2.470  2.318  2.106  2.069 -0.445 -0.016  0.051  0.121  0.272  0.484  0.521    0.032    0.056    0.100    0.133    0.166    0.216    0.239    0.243  2.580  2.590  2.527  2.477 -0.010  0.063  0.113
Ch  1.30 -1.7129  0.1000   2.246  2.655  2.660  2.602  2.523  2.357  2.134  2.095 -0.415 -0.005  0.059  0.137  0.304  0.526  0.565    0.035    0.059    0.106    0.140    0.173    0.222    0.243    0.247  2.660  2.660  2.588  2.531  0.000  0.072  0.129
Ch  1.30 -1.7129  0.1122   2.294  2.566  2.287  1.984  1.631  1.053  0.489  0.372  0.007  0.279  0.303  0.656  1.234  1.798  1.914    0.037    0.054    0.074    0.079    0.076    0.066    0.053    0.050  2.587  2.294  1.922  1.656  0.293  0.372  0.638
Ch  1.30 -1.7129  0.1259   2.400  2.639  2.331  2.009  1.639  1.040  0.463  0.343  0.070  0.308  0.321  0.692  1.290  1.868  1.987    0.040    0.058    0.077    0.080    0.075    0.065    0.051    0.048  2.662  2.339  1.944  1.666  0.323  0.395  0.673
Ch  1.30 -1.7129  0.1413   2.497  2.710  2.388  2.059  1.681  1.072  0.487  0.365  0.109  0.322  0.329  0.707  1.316  1.901  2.023    0.043    0.061    0.080    0.083    0.078    0.066    0.052    0.049  2.734  2.397  1.992  1.708  0.337  0.404  0.688
Ch  1.30 -1.7129  0.1585   2.600  2.786  2.442  2.099  1.709  1.084  0.488  0.363  0.159  0.344  0.342  0.733  1.358  1.953  2.078    0.047    0.065    0.084    0.085    0.079    0.067    0.052    0.048  2.811  2.451  2.031  1.737  0.360  0.421  0.714
Ch  1.30 -1.7129  0.1778   2.698  2.862  2.505  2.156  1.758  1.122  0.520  0.392  0.193  0.357  0.349  0.747  1.383  1.985  2.113    0.051    0.069    0.088    0.089    0.082    0.068    0.053    0.049  2.887  2.515  2.086  1.787  0.372  0.429  0.728
Ch  1.30 -1.7129  0.1995   2.794  2.939  2.566  2.207  1.799  1.149  0.537  0.406  0.228  0.373  0.359  0.767  1.416  2.029  2.159    0.055    0.073    0.092    0.092    0.084    0.069    0.053    0.050  2.965  2.576  2.135  1.828  0.389  0.441  0.748
Ch  1.30 -1.7129  0.2239   2.899  3.036  2.663  2.306  1.898  1.246  0.631  0.499  0.236  0.372  0.358  0.766  1.418  2.032  2.165    0.061    0.079    0.100    0.100    0.092    0.075    0.057    0.054  3.061  2.674  2.234  1.927  0.387  0.440  0.747
Ch  1.30 -1.7129  0.2512   2.988  3.117  2.751  2.400  1.996  1.348  0.736  0.603  0.237  0.366  0.351  0.755  1.403  2.015  2.148    0.065    0.085    0.107    0.108    0.100    0.082    0.063    0.058  3.142  2.762  2.330  2.026  0.379  0.432  0.736
Ch  1.30 -1.7129  0.2818   3.081  3.208  2.853  2.511  2.114  1.474  0.865  0.732  0.228  0.355  0.343  0.739  1.380  1.988  2.121    0.070    0.092    0.117    0.119    0.110    0.091    0.070    0.065  3.232  2.864  2.442  2.143  0.367  0.422  0.721
Ch  1.30 -1.7129  0.3162   3.185  3.315  2.975  2.645  2.261  1.636  1.038  0.906  0.209  0.340  0.330  0.715  1.339  1.938  2.069    0.077    0.100    0.130    0.134    0.125    0.105    0.081    0.076  3.337  2.986  2.579  2.290  0.351  0.407  0.697
Ch  1.30 -1.7129  0.3548   3.275  3.395  3.047  2.715  2.330  1.708  1.113  0.982  0.228  0.348  0.332  0.717  1.340  1.935  2.065    0.083    0.107    0.138    0.141    0.132    0.111    0.086    0.081  3.417  3.059  2.648  2.360  0.358  0.410  0.699
Ch  1.30 -1.7129  0.3981   3.377  3.485  3.128  2.792  2.406  1.784  1.191  1.062  0.250  0.357  0.335  0.722  1.343  1.936  2.066    0.090    0.115    0.147    0.150    0.140    0.118    0.092    0.086  3.507  3.140  2.725  2.435  0.367  0.415  0.705
Ch  1.30 -1.7129  0.4467   3.482  3.578  3.215  2.877  2.489  1.868  1.276  1.146  0.267  0.363  0.338  0.726  1.347  1.939  2.069    0.098    0.124    0.158    0.161    0.150    0.127    0.099    0.092  3.600  3.227  2.810  2.519  0.373  0.418  0.709
Ch  1.30 -1.7129  0.5012   3.585  3.674  3.315  2.984  2.602  1.994  1.411  1.283  0.269  0.359  0.332  0.713  1.321  1.905  2.032    0.107    0.135    0.171    0.176    0.165    0.141    0.111    0.104  3.696  3.328  2.917  2.631  0.368  0.411  0.697
Ch  1.30 -1.7129  0.5623   3.693  3.767  3.398  3.063  2.679  2.073  1.491  1.364  0.295  0.369  0.335  0.719  1.325  1.907  2.034    0.117    0.146    0.184    0.188    0.176    0.150    0.118    0.111  3.789  3.411  2.996  2.709  0.378  0.415  0.702
Ch  1.30 -1.7129  0.6310   3.827  3.881  3.492  3.150  2.761  2.150  1.568  1.442  0.334  0.388  0.343  0.731  1.343  1.924  2.051    0.132    0.160    0.199    0.202    0.188    0.160    0.126    0.118  3.903  3.506  3.081  2.791  0.397  0.425  0.715
Ch  1.30 -1.7129  0.7079   3.946  3.989  3.594  3.255  2.872  2.271  1.702  1.579  0.352  0.395  0.339  0.722  1.323  1.892  2.015    0.146    0.176    0.216    0.221    0.206    0.178    0.141    0.133  4.012  3.608  3.187  2.902  0.403  0.422  0.706
Ch  1.30 -1.7129  0.7943   4.059  4.085  3.674  3.328  2.942  2.338  1.774  1.652  0.385  0.411  0.346  0.732  1.336  1.901  2.022    0.160    0.190    0.231    0.234    0.218    0.187    0.149    0.141  4.108  3.689  3.259  2.972  0.420  0.430  0.717
Ch  1.30 -1.7129  0.8913   4.180  4.191  3.766  3.414  3.024  2.419  1.859  1.741  0.415  0.425  0.352  0.742  1.347  1.907  2.025    0.178    0.208    0.249    0.251    0.234    0.200    0.160    0.152  4.215  3.781  3.344  3.055  0.434  0.437  0.726
Ch  1.30 -1.7129  1.0000   4.290  4.293  3.857  3.506  3.116  2.515  1.965  1.851  0.433  0.436  0.351  0.741  1.342  1.892  2.006    0.195    0.227    0.269    0.271    0.252    0.217    0.175    0.167  4.317  3.873  3.436  3.147  0.444  0.437  0.726
Ch  1.30 -1.7129  1.1220   4.368  4.352  3.879  3.510  3.107  2.491  1.937  1.822  0.489  0.473  0.369  0.772  1.388  1.942  2.057    0.208    0.237    0.272    0.270    0.248    0.210    0.169    0.161  4.378  3.896  3.437  3.139  0.482  0.459  0.757
Ch  1.30 -1.7129  1.2589   4.449  4.395  3.864  3.464  3.037  2.395  1.826  1.709  0.585  0.531  0.400  0.827  1.469  2.038  2.155    0.222    0.245    0.266    0.257    0.231    0.191    0.152    0.144  4.427  3.882  3.386  3.070  0.545  0.496  0.812
Ch  1.30 -1.7129  1.4125   4.713  4.650  4.151  3.771  3.361  2.740  2.186  2.073  0.561  0.499  0.380  0.790  1.412  1.966  2.078    0.280    0.306    0.343    0.336    0.307    0.259    0.209    0.199  4.679  4.169  3.696  3.394  0.510  0.473  0.775
Ch  1.30 -1.7129  1.5849   4.814  4.745  4.233  3.849  3.437  2.817  2.266  2.155  0.581  0.512  0.384  0.796  1.417  1.967  2.079    0.305    0.331    0.366    0.359    0.327    0.276    0.223    0.212  4.774  4.251  3.773  3.470  0.522  0.478  0.781
Ch  1.30 -1.7129  1.7783   4.916  4.844  4.314  3.923  3.507  2.886  2.337  2.227  0.602  0.530  0.392  0.807  1.428  1.977  2.087    0.332    0.360    0.392    0.381    0.346    0.292    0.236    0.225  4.874  4.333  3.846  3.540  0.541  0.487  0.793
Ch  1.30 -1.7129  1.9953   5.027  4.954  4.412  4.016  3.599  2.982  2.438  2.329  0.615  0.542  0.396  0.813  1.430  1.974  2.083    0.365    0.395    0.425    0.412    0.373    0.316    0.257    0.245  4.985  4.431  3.939  3.633  0.553  0.493  0.799
Ch  1.30 -1.7129  2.2387   5.136  5.066  4.517  4.119  3.701  3.086  2.545  2.437  0.619  0.549  0.398  0.815  1.430  1.972  2.080    0.401    0.435    0.465    0.449    0.407    0.346    0.282    0.269  5.097  4.537  4.041  3.735  0.560  0.495  0.802
Ch  1.30 -1.7129  2.5119   5.248  5.183  4.634  4.239  3.824  3.216  2.680  2.574  0.614  0.549  0.395  0.810  1.418  1.954  2.060    0.441    0.481    0.514    0.498    0.452    0.386    0.317    0.303  5.213  4.654  4.161  3.858  0.559  0.493  0.796
Ch  1.30 -1.7129  2.8184   5.335  5.274  4.727  4.334  3.921  3.319  2.787  2.682  0.608  0.547  0.393  0.805  1.408  1.940  2.045    0.474    0.519    0.555    0.539    0.491    0.422    0.347    0.332  5.304  4.747  4.257  3.955  0.557  0.490  0.792
Ch  1.30 -1.7129  3.1623   5.465  5.406  4.850  4.456  4.043  3.445  2.919  2.816  0.615  0.555  0.394  0.807  1.405  1.931  2.034    0.531    0.582    0.618    0.599    0.546    0.471    0.389    0.373  5.436  4.871  4.379  4.078  0.565  0.492  0.793
Ch  1.30 -1.7129  3.5481   5.592  5.537  4.971  4.572  4.158  3.563  3.040  2.937  0.622  0.566  0.398  0.813  1.408  1.931  2.034    0.593    0.652    0.686    0.663    0.603    0.521    0.432    0.414  5.568  4.992  4.495  4.192  0.576  0.497  0.800
Ch  1.30 -1.7129  3.9811   5.711  5.661  5.087  4.686  4.270  3.681  3.162  3.062  0.624  0.574  0.401  0.817  1.406  1.925  2.025    0.657    0.727    0.759    0.731    0.664    0.577    0.480    0.462  5.693  5.109  4.608  4.305  0.584  0.501  0.804
Ch  1.30 -1.7129  4.4668   5.829  5.784  5.204  4.799  4.382  3.799  3.284  3.184  0.625  0.580  0.404  0.821  1.404  1.920  2.019    0.728    0.808    0.839    0.807    0.732    0.640    0.534    0.514  5.816  5.226  4.721  4.418  0.590  0.505  0.808
Ch  1.30 -1.7129  5.0119   5.936  5.900  5.313  4.906  4.488  3.911  3.400  3.302  0.623  0.587  0.407  0.825  1.402  1.913  2.011    0.799    0.894    0.923    0.885    0.802    0.704    0.590    0.569  5.933  5.336  4.828  4.524  0.597  0.508  0.812
Ch  1.30 -1.7129  5.6234   6.046  6.016  5.417  5.005  4.584  4.008  3.498  3.401  0.628  0.599  0.412  0.833  1.409  1.919  2.016    0.878    0.989    1.009    0.963    0.870    0.765    0.642    0.620  6.050  5.441  4.926  4.621  0.609  0.515  0.820
Ch  1.30 -1.7129  6.3096   6.150  6.138  5.531  5.115  4.693  4.118  3.611  3.516  0.619  0.608  0.415  0.838  1.412  1.919  2.015    0.961    1.101    1.114    1.060    0.956    0.843    0.708    0.684  6.173  5.554  5.036  4.730  0.618  0.519  0.825
Ch  1.30 -1.7129  7.0795   6.254  6.256  5.640  5.222  4.800  4.227  3.723  3.629  0.614  0.616  0.418  0.840  1.413  1.916  2.011    1.051    1.219    1.225    1.163    1.049    0.926    0.781    0.756  6.291  5.664  5.143  4.837  0.627  0.521  0.828
Ch  1.30 -1.7129  7.9433   6.371  6.372  5.748  5.327  4.904  4.332  3.831  3.738  0.623  0.625  0.420  0.844  1.416  1.917  2.009    1.164    1.350    1.345    1.274    1.148    1.014    0.858    0.831  6.408  5.772  5.247  4.941  0.636  0.525  0.831
Ch  1.30 -1.7129  8.9125   6.488  6.489  5.858  5.436  5.012  4.442  3.944  3.853  0.630  0.631  0.422  0.846  1.416  1.914  2.005    1.291    1.495    1.481    1.400    1.262    1.116    0.947    0.918  6.526  5.883  5.356  5.050  0.642  0.527  0.833
Ch  1.30 -1.7129 10.0000   6.620  6.623  5.991  5.569  5.146  4.582  4.089  4.000  0.629  0.633  0.422  0.844  1.409  1.901  1.991    1.450    1.684    1.666    1.575    1.421    1.264    1.077    1.046  6.660  6.016  5.490  5.185  0.644  0.527  0.831
Ch  1.30 -1.7129 11.2202   6.728  6.731  6.094  5.671  5.249  4.686  4.196  4.108  0.634  0.637  0.423  0.846  1.409  1.898  1.987    1.595    1.852    1.825    1.723    1.555    1.385    1.183    1.150  6.768  6.120  5.592  5.288  0.648  0.528  0.832
Ch  1.30 -1.7129 12.5893   6.838  6.840  6.200  5.777  5.355  4.794  4.308  4.220  0.638  0.640  0.424  0.846  1.406  1.893  1.980    1.751    2.031    1.997    1.884    1.701    1.519    1.301    1.267  6.877  6.227  5.698  5.394  0.650  0.529  0.832
Ch  1.30 -1.7129 14.1254   6.949  6.948  6.315  5.895  5.477  4.924  4.442  4.355  0.634  0.632  0.421  0.839  1.392  1.874  1.961    1.912    2.211    2.188    2.071    1.876    1.686    1.451    1.413  6.984  6.342  5.817  5.517  0.642  0.525  0.825
Ch  1.30 -1.7129 15.8489   7.053  7.049  6.422  6.002  5.585  5.035  4.553  4.467  0.631  0.627  0.419  0.837  1.386  1.868  1.955    2.080    2.399    2.385    2.260    2.049    1.847    1.590    1.549  7.085  6.448  5.926  5.626  0.637  0.523  0.823
Ch  1.30 -1.7129 17.7828   7.160  7.145  6.533  6.117  5.702  5.156  4.674  4.587  0.627  0.613  0.415  0.830  1.377  1.859  1.946    2.262    2.584    2.604    2.476    2.251    2.034    1.751    1.705  7.182  6.559  6.042  5.744  0.622  0.517  0.815
Ch  1.30 -1.3146  0.0631   1.877  2.271  2.224  2.125  1.999  1.744  1.456  1.406 -0.346  0.047  0.099  0.224  0.480  0.768  0.817    0.026    0.043    0.073    0.093    0.111    0.131    0.134    0.136  2.279  2.226  2.102  2.011  0.053  0.123  0.214
Ch  1.30 -1.3146  0.0708   1.968  2.351  2.302  2.206  2.084  1.836  1.560  1.512 -0.334  0.048  0.096  0.218  0.466  0.743  0.790    0.028    0.046    0.078    0.100    0.118    0.141    0.147    0.148  2.358  2.304  2.183  2.095  0.054  0.121  0.209
Ch  1.30 -1.3146  0.0794   2.074  2.446  2.388  2.286  2.157  1.902  1.623  1.575 -0.314  0.059  0.102  0.231  0.485  0.764  0.812    0.031    0.050    0.084    0.106    0.126    0.149    0.154    0.156  2.454  2.390  2.262  2.169  0.063  0.128  0.221
Ch  1.30 -1.3146  0.0891   2.174  2.531  2.460  2.351  2.213  1.948  1.662  1.613 -0.286  0.071  0.109  0.247  0.513  0.798  0.848    0.033    0.054    0.089    0.112    0.131    0.154    0.159    0.160  2.539  2.463  2.325  2.226  0.075  0.138  0.237
Ch  1.30 -1.3146  0.1000   2.275  2.620  2.539  2.425  2.281  2.009  1.719  1.667 -0.264  0.080  0.115  0.259  0.531  0.821  0.872    0.036    0.058    0.095    0.119    0.139    0.162    0.166    0.167  2.627  2.543  2.398  2.294  0.084  0.145  0.249
Ch  1.30 -1.3146  0.1122   2.365  2.620  2.321  1.999  1.622  0.990  0.380  0.248  0.044  0.300  0.321  0.698  1.330  1.941  2.073    0.039    0.057    0.077    0.080    0.075    0.063    0.048    0.045  2.642  2.330  1.935  1.651  0.311  0.395  0.679
Ch  1.30 -1.3146  0.1259   2.464  2.706  2.394  2.066  1.683  1.042  0.426  0.292  0.069  0.312  0.328  0.712  1.353  1.969  2.103    0.042    0.061    0.082    0.084    0.079    0.065    0.050    0.046  2.727  2.405  2.001  1.712  0.323  0.404  0.692
Ch  1.30 -1.3146  0.1413   2.564  2.792  2.459  2.116  1.719  1.057  0.428  0.290  0.105  0.332  0.343  0.740  1.402  2.032  2.169    0.046    0.066    0.086    0.087    0.081    0.066    0.049    0.046  2.814  2.470  2.049  1.750  0.344  0.421  0.721
Ch  1.30 -1.3146  0.1585   2.665  2.877  2.519  2.155  1.737  1.045  0.395  0.251  0.146  0.358  0.363  0.782  1.474  2.124  2.267    0.050    0.071    0.090    0.090    0.081    0.064    0.047    0.044  2.901  2.531  2.085  1.769  0.370  0.446  0.762
Ch  1.30 -1.3146  0.1778   2.778  2.982  2.617  2.248  1.822  1.116  0.457  0.310  0.160  0.365  0.369  0.795  1.502  2.160  2.307    0.055    0.077    0.098    0.097    0.087    0.068    0.050    0.046  3.006  2.630  2.177  1.855  0.377  0.452  0.774
Ch  1.30 -1.3146  0.1995   2.881  3.078  2.719  2.356  1.934  1.226  0.568  0.419  0.162  0.358  0.363  0.786  1.493  2.152  2.300    0.060    0.084    0.106    0.106    0.096    0.075    0.055    0.050  3.101  2.732  2.287  1.966  0.370  0.445  0.765
Ch  1.30 -1.3146  0.2239   2.993  3.182  2.835  2.482  2.065  1.360  0.702  0.553  0.158  0.347  0.353  0.770  1.475  2.133  2.282    0.066    0.091    0.117    0.118    0.107    0.084    0.061    0.056  3.205  2.847  2.414  2.098  0.357  0.434  0.750
Ch  1.30 -1.3146  0.2512   3.080  3.259  2.929  2.590  2.186  1.496  0.848  0.701  0.152  0.331  0.338  0.743  1.432  2.080  2.228    0.071    0.097    0.127    0.130    0.119    0.094    0.070    0.064  3.280  2.941  2.524  2.218  0.340  0.416  0.723
Ch  1.30 -1.3146  0.2818   3.171  3.336  3.012  2.680  2.282  1.599  0.955  0.808  0.159  0.324  0.332  0.730  1.413  2.057  2.204    0.077    0.103    0.136    0.140    0.129    0.103    0.076    0.070  3.356  3.024  2.615  2.314  0.333  0.409  0.710
Ch  1.30 -1.3146  0.3162   3.253  3.405  3.100  2.781  2.395  1.724  1.084  0.937  0.153  0.306  0.318  0.705  1.376  2.016  2.163    0.082    0.109    0.146    0.152    0.142    0.114    0.085    0.078  3.424  3.111  2.719  2.426  0.313  0.392  0.685
Ch  1.30 -1.3146  0.3548   3.344  3.484  3.181  2.872  2.495  1.843  1.216  1.072  0.162  0.302  0.310  0.686  1.338  1.965  2.110    0.088    0.117    0.156    0.164    0.154    0.127    0.095    0.088  3.502  3.193  2.810  2.526  0.309  0.382  0.667
Ch  1.30 -1.3146  0.3981   3.444  3.564  3.249  2.935  2.557  1.907  1.282  1.139  0.196  0.315  0.313  0.692  1.342  1.967  2.110    0.096    0.124    0.165    0.172    0.162    0.133    0.100    0.093  3.583  3.261  2.873  2.588  0.322  0.387  0.673
Ch  1.30 -1.3146  0.4467   3.553  3.651  3.324  3.007  2.626  1.975  1.351  1.208  0.229  0.327  0.318  0.698  1.350  1.973  2.116    0.106    0.134    0.175    0.182    0.171    0.140    0.106    0.098  3.670  3.337  2.944  2.656  0.333  0.393  0.680
Ch  1.30 -1.3146  0.5012   3.689  3.767  3.427  3.105  2.723  2.075  1.460  1.320  0.262  0.340  0.322  0.704  1.352  1.967  2.107    0.119    0.147    0.191    0.198    0.186    0.153    0.116    0.108  3.786  3.440  3.041  2.754  0.346  0.399  0.686
Ch  1.30 -1.3146  0.5623   3.814  3.869  3.509  3.177  2.788  2.135  1.523  1.386  0.305  0.360  0.332  0.721  1.374  1.986  2.123    0.132    0.161    0.204    0.210    0.195    0.160    0.122    0.114  3.889  3.523  3.111  2.820  0.366  0.411  0.703
Ch  1.30 -1.3146  0.6310   3.944  3.985  3.600  3.259  2.860  2.199  1.587  1.452  0.344  0.384  0.342  0.740  1.401  2.013  2.148    0.148    0.177    0.220    0.224    0.207    0.168    0.129    0.120  4.006  3.615  3.191  2.892  0.391  0.424  0.723
Ch  1.30 -1.3146  0.7079   4.079  4.100  3.706  3.365  2.969  2.314  1.710  1.577  0.372  0.394  0.341  0.737  1.393  1.996  2.129    0.166    0.195    0.241    0.245    0.227    0.186    0.143    0.133  4.122  3.721  3.298  3.001  0.401  0.424  0.720
Ch  1.30 -1.3146  0.7943   4.203  4.201  3.792  3.446  3.047  2.390  1.789  1.657  0.411  0.409  0.346  0.745  1.402  2.003  2.135    0.184    0.213    0.259    0.262    0.242    0.198    0.152    0.142  4.224  3.807  3.378  3.079  0.416  0.430  0.728
Ch  1.30 -1.3146  0.8913   4.333  4.309  3.885  3.533  3.130  2.471  1.871  1.740  0.448  0.424  0.352  0.755  1.414  2.014  2.145    0.206    0.233    0.280    0.282    0.259    0.211    0.163    0.152  4.333  3.901  3.463  3.163  0.432  0.437  0.738
Ch  1.30 -1.3146  1.0000   4.449  4.406  3.968  3.612  3.210  2.556  1.962  1.834  0.481  0.438  0.355  0.758  1.412  2.005  2.134    0.227    0.253    0.299    0.301    0.277    0.226    0.176    0.165  4.430  3.984  3.543  3.243  0.446  0.441  0.741
Ch  1.30 -1.3146  1.1220   4.556  4.495  4.042  3.681  3.276  2.622  2.032  1.904  0.514  0.453  0.360  0.766  1.420  2.010  2.137    0.249    0.272    0.318    0.318    0.292    0.239    0.186    0.174  4.519  4.059  3.611  3.309  0.461  0.448  0.749
Ch  1.30 -1.3146  1.2589   4.624  4.536  4.033  3.646  3.222  2.550  1.952  1.825  0.591  0.503  0.387  0.811  1.483  2.081  2.208    0.263    0.281    0.313    0.306    0.275    0.222    0.172    0.161  4.564  4.051  3.571  3.256  0.513  0.480  0.795
Ch  1.30 -1.3146  1.4125   4.798  4.676  4.132  3.718  3.270  2.571  1.953  1.820  0.666  0.544  0.414  0.863  1.561  2.179  2.312    0.305    0.315    0.338    0.322    0.284    0.223    0.169    0.158  4.708  4.151  3.639  3.305  0.557  0.512  0.846
Ch  1.30 -1.3146  1.5849   4.952  4.837  4.309  3.910  3.480  2.813  2.220  2.094  0.644  0.528  0.398  0.828  1.496  2.089  2.215    0.348    0.362    0.394    0.381    0.341    0.276    0.214    0.201  4.867  4.328  3.833  3.515  0.539  0.494  0.812
Ch  1.30 -1.3146  1.7783   5.071  4.958  4.408  4.004  3.572  2.906  2.317  2.194  0.662  0.550  0.404  0.837  1.502  2.091  2.215    0.385    0.401    0.429    0.412    0.368    0.298    0.233    0.219  4.989  4.428  3.926  3.607  0.561  0.502  0.821
Ch  1.30 -1.3146  1.9953   5.200  5.085  4.509  4.094  3.656  2.987  2.399  2.276  0.691  0.576  0.415  0.853  1.522  2.110  2.233    0.430    0.448    0.467    0.444    0.395    0.319    0.249    0.235  5.118  4.529  4.015  3.691  0.588  0.515  0.838
Ch  1.30 -1.3146  2.2387   5.314  5.201  4.613  4.196  3.757  3.095  2.513  2.392  0.701  0.588  0.418  0.856  1.518  2.100  2.221    0.474    0.494    0.510    0.484    0.430    0.350    0.274    0.259  5.235  4.634  4.116  3.793  0.600  0.519  0.842
Ch  1.30 -1.3146  2.5119   5.431  5.324  4.734  4.317  3.880  3.226  2.650  2.530  0.697  0.590  0.417  0.854  1.508  2.085  2.204    0.524    0.549    0.565    0.537    0.478    0.391    0.309    0.292  5.358  4.756  4.237  3.916  0.602  0.519  0.840
Ch  1.30 -1.3146  2.8184   5.520  5.416  4.829  4.413  3.977  3.325  2.749  2.630  0.691  0.587  0.416  0.853  1.504  2.080  2.200    0.564    0.593    0.612    0.582    0.518    0.426    0.336    0.317  5.450  4.851  4.334  4.013  0.599  0.517  0.838
Ch  1.30 -1.3146  3.1623   5.645  5.545  4.951  4.532  4.096  3.453  2.883  2.765  0.695  0.594  0.418  0.855  1.497  2.068  2.185    0.628    0.663    0.680    0.645    0.575    0.475    0.377    0.357  5.578  4.972  4.452  4.132  0.606  0.520  0.840
Ch  1.30 -1.3146  3.5481   5.769  5.673  5.069  4.647  4.209  3.569  3.002  2.885  0.700  0.604  0.422  0.860  1.500  2.067  2.184    0.700    0.741    0.753    0.712    0.633    0.526    0.418    0.396  5.707  5.091  4.566  4.245  0.616  0.525  0.846
Ch  1.30 -1.3146  3.9811   5.881  5.793  5.177  4.750  4.310  3.674  3.109  2.994  0.704  0.616  0.427  0.867  1.503  2.068  2.183    0.771    0.823    0.827    0.778    0.691    0.575    0.459    0.435  5.828  5.200  4.668  4.347  0.628  0.531  0.853
Ch  1.30 -1.3146  4.4668   5.990  5.904  5.277  4.845  4.402  3.768  3.205  3.090  0.713  0.627  0.432  0.874  1.509  2.072  2.186    0.847    0.906    0.900    0.843    0.747    0.623    0.497    0.472  5.940  5.300  4.763  4.440  0.640  0.537  0.861
Ch  1.30 -1.3146  5.0119   6.094  6.026  5.392  4.957  4.515  3.883  3.324  3.211  0.702  0.635  0.434  0.877  1.508  2.067  2.180    0.926    1.007    0.994    0.929    0.823    0.689    0.552    0.525  6.063  5.415  4.875  4.552  0.648  0.540  0.863
Ch  1.30 -1.3146  5.6234   6.208  6.140  5.492  5.053  4.609  3.978  3.422  3.310  0.716  0.648  0.439  0.883  1.513  2.070  2.182    1.022    1.111    1.084    1.009    0.893    0.747    0.600    0.571  6.178  5.516  4.970  4.647  0.662  0.545  0.869
Ch  1.30 -1.3146  6.3096   6.328  6.258  5.599  5.157  4.712  4.083  3.529  3.419  0.729  0.659  0.442  0.887  1.516  2.070  2.180    1.135    1.232    1.190    1.104    0.976    0.817    0.659    0.628  6.297  5.623  5.074  4.750  0.674  0.550  0.873
Ch  1.30 -1.3146  7.0795   6.463  6.390  5.722  5.277  4.833  4.207  3.658  3.550  0.741  0.668  0.445  0.890  1.515  2.065  2.173    1.278    1.383    1.325    1.226    1.084    0.911    0.737    0.704  6.430  5.747  5.194  4.871  0.683  0.553  0.876
Ch  1.30 -1.3146  7.9433   6.581  6.505  5.828  5.379  4.934  4.310  3.764  3.658  0.753  0.677  0.449  0.894  1.518  2.064  2.170    1.417    1.529    1.452    1.340    1.184    0.997    0.809    0.773  6.546  5.853  5.296  4.973  0.693  0.557  0.880
Ch  1.30 -1.3146  8.9125   6.704  6.625  5.939  5.488  5.042  4.420  3.878  3.773  0.764  0.685  0.451  0.897  1.519  2.061  2.167    1.577    1.698    1.600    1.473    1.301    1.097    0.893    0.855  6.667  5.964  5.404  5.081  0.702  0.560  0.883
Ch  1.30 -1.3146 10.0000   6.832  6.753  6.062  5.609  5.164  4.546  4.009  3.905  0.770  0.691  0.453  0.898  1.516  2.053  2.157    1.766    1.901    1.783    1.638    1.448    1.226    1.002    0.961  6.795  6.087  5.525  5.204  0.708  0.562  0.884
Ch  1.30 -1.3146 11.2202   6.945  6.863  6.165  5.710  5.264  4.649  4.114  4.012  0.779  0.698  0.455  0.901  1.517  2.052  2.154    1.951    2.096    1.952    1.790    1.581    1.341    1.099    1.056  6.907  6.191  5.626  5.304  0.716  0.565  0.887
Ch  1.30 -1.3146 12.5893   7.070  6.985  6.280  5.822  5.375  4.760  4.227  4.126  0.790  0.705  0.458  0.905  1.520  2.053  2.154    2.181    2.337    2.162    1.977    1.745    1.481    1.216    1.169  7.029  6.306  5.738  5.415  0.723  0.568  0.891
Ch  1.30 -1.3146 14.1254   7.146  7.064  6.357  5.898  5.452  4.841  4.311  4.212  0.789  0.707  0.458  0.905  1.516  2.045  2.145    2.305    2.474    2.286    2.090    1.845    1.571    1.295    1.246  7.108  6.383  5.815  5.493  0.725  0.568  0.890
Ch  1.30 -1.3146 15.8489   7.298  7.215  6.515  6.059  5.617  5.016  4.495  4.397  0.783  0.701  0.455  0.898  1.499  2.020  2.118    2.622    2.814    2.615    2.397    2.124    1.826    1.516    1.462  7.259  6.542  5.977  5.658  0.718  0.564  0.883
Ch  1.30 -1.3146 17.7828   7.376  7.293  6.611  6.161  5.722  5.127  4.608  4.510  0.765  0.682  0.450  0.889  1.484  2.003  2.101    2.776    2.976    2.814    2.592    2.304    1.992    1.657    1.597  7.335  6.637  6.080  5.764  0.698  0.558  0.873
Ch  1.30 -0.7052  0.0631   1.954  2.368  2.302  2.168  1.994  1.643  1.238  1.155 -0.347  0.066  0.134  0.308  0.659  1.063  1.147    0.028    0.047    0.079    0.097    0.110    0.119    0.110    0.108  2.378  2.303  2.137  2.008  0.075  0.166  0.295
Ch  1.30 -0.7052  0.0708   2.055  2.447  2.374  2.238  2.065  1.717  1.321  1.239 -0.319  0.073  0.135  0.309  0.657  1.053  1.134    0.030    0.050    0.084    0.103    0.117    0.127    0.118    0.115  2.457  2.375  2.208  2.079  0.081  0.167  0.296
Ch  1.30 -0.7052  0.0794   2.159  2.532  2.456  2.323  2.154  1.817  1.435  1.357 -0.297  0.076  0.133  0.302  0.639  1.021  1.099    0.033    0.054    0.089    0.110    0.126    0.138    0.130    0.128  2.541  2.458  2.293  2.169  0.083  0.165  0.289
Ch  1.30 -0.7052  0.0891   2.259  2.610  2.526  2.393  2.223  1.888  1.513  1.436 -0.267  0.083  0.134  0.303  0.639  1.013  1.090    0.036    0.058    0.095    0.117    0.133    0.146    0.139    0.136  2.619  2.529  2.362  2.238  0.090  0.167  0.291
Ch  1.30 -0.7052  0.1000   2.351  2.685  2.595  2.460  2.290  1.955  1.585  1.510 -0.244  0.090  0.135  0.306  0.640  1.010  1.086    0.039    0.061    0.100    0.123    0.140    0.154    0.147    0.145  2.694  2.598  2.430  2.305  0.096  0.169  0.294
Ch  1.30 -0.7052  0.1122   2.441  2.756  2.637  2.469  2.240  1.797  1.317  1.205 -0.196  0.119  0.168  0.397  0.840  1.320  1.432    0.042    0.065    0.103    0.123    0.133    0.132    0.114    0.109  2.767  2.642  2.432  2.260  0.125  0.209  0.382
Ch  1.30 -0.7052  0.1259   2.532  2.801  2.579  2.282  1.801  0.994  0.246  0.053 -0.047  0.222  0.297  0.778  1.585  2.332  2.525    0.045    0.067    0.097    0.103    0.088    0.063    0.042    0.037  2.817  2.587  2.226  1.836  0.230  0.362  0.752
Ch  1.30 -0.7052  0.1413   2.631  2.888  2.670  2.381  1.902  1.094  0.347  0.150 -0.040  0.218  0.289  0.768  1.576  2.324  2.520    0.049    0.072    0.105    0.112    0.096    0.068    0.046    0.040  2.904  2.679  2.326  1.937  0.225  0.352  0.742
Ch  1.30 -0.7052  0.1585   2.716  2.960  2.748  2.472  2.009  1.218  0.480  0.284 -0.032  0.212  0.276  0.739  1.530  2.268  2.464    0.053    0.077    0.112    0.121    0.105    0.076    0.052    0.045  2.975  2.757  2.419  2.043  0.218  0.338  0.714
Ch  1.30 -0.7052  0.1778   2.809  3.037  2.835  2.574  2.132  1.361  0.635  0.440 -0.026  0.202  0.261  0.703  1.474  2.200  2.396    0.057    0.082    0.120    0.132    0.117    0.086    0.059    0.052  3.051  2.844  2.523  2.164  0.207  0.320  0.680
Ch  1.30 -0.7052  0.1995   2.914  3.126  2.923  2.674  2.256  1.509  0.802  0.609 -0.009  0.203  0.249  0.667  1.415  2.121  2.314    0.062    0.088    0.129    0.143    0.130    0.098    0.068    0.060  3.139  2.932  2.625  2.287  0.207  0.307  0.645
Ch  1.30 -0.7052  0.2239   3.022  3.215  3.009  2.767  2.366  1.638  0.948  0.757  0.013  0.205  0.242  0.643  1.371  2.061  2.252    0.068    0.095    0.139    0.155    0.143    0.109    0.078    0.069  3.227  3.018  2.719  2.396  0.209  0.299  0.622
Ch  1.30 -0.7052  0.2512   3.149  3.321  3.117  2.885  2.513  1.824  1.166  0.983  0.032  0.204  0.232  0.604  1.293  1.951  2.134    0.076    0.104    0.152    0.171    0.162    0.128    0.094    0.084  3.333  3.126  2.838  2.541  0.207  0.288  0.585
Ch  1.30 -0.7052  0.2818   3.264  3.412  3.192  2.952  2.575  1.887  1.233  1.053  0.072  0.220  0.240  0.617  1.305  1.958  2.139    0.084    0.112    0.162    0.181    0.170    0.135    0.099    0.089  3.425  3.202  2.904  2.605  0.223  0.298  0.597
Ch  1.30 -0.7052  0.3162   3.398  3.519  3.281  3.032  2.648  1.956  1.303  1.126  0.117  0.238  0.249  0.633  1.325  1.977  2.155    0.095    0.122    0.174    0.193    0.181    0.143    0.105    0.094  3.533  3.291  2.982  2.678  0.242  0.309  0.613
Ch  1.30 -0.7052  0.3548   3.541  3.632  3.381  3.125  2.735  2.036  1.381  1.204  0.160  0.251  0.256  0.646  1.345  2.000  2.178    0.107    0.135    0.190    0.209    0.194    0.153    0.112    0.100  3.647  3.392  3.074  2.765  0.255  0.318  0.626
Ch  1.30 -0.7052  0.3981   3.680  3.738  3.475  3.217  2.832  2.145  1.501  1.328  0.205  0.263  0.258  0.642  1.330  1.974  2.147    0.121    0.147    0.205    0.226    0.211    0.167    0.124    0.112  3.752  3.486  3.165  2.862  0.267  0.321  0.623
Ch  1.30 -0.7052  0.4467   3.820  3.840  3.558  3.292  2.900  2.205  1.560  1.387  0.262  0.282  0.267  0.659  1.354  1.999  2.172    0.136    0.161    0.220    0.240    0.223    0.176    0.130    0.117  3.855  3.570  3.238  2.930  0.285  0.332  0.640
Ch  1.30 -0.7052  0.5012   3.964  3.948  3.648  3.373  2.972  2.269  1.621  1.448  0.316  0.300  0.276  0.676  1.379  2.027  2.201    0.155    0.176    0.237    0.256    0.236    0.185    0.136    0.123  3.964  3.660  3.318  3.004  0.304  0.343  0.657
Ch  1.30 -0.7052  0.5623   4.098  4.053  3.735  3.450  3.042  2.330  1.679  1.505  0.364  0.318  0.285  0.693  1.405  2.055  2.229    0.174    0.193    0.255    0.273    0.250    0.194    0.143    0.128  4.069  3.747  3.393  3.073  0.322  0.354  0.674
Ch  1.30 -0.7052  0.6310   4.232  4.161  3.819  3.522  3.105  2.387  1.736  1.562  0.413  0.342  0.297  0.714  1.432  2.083  2.257    0.195    0.211    0.273    0.290    0.263    0.203    0.149    0.134  4.178  3.832  3.463  3.137  0.346  0.369  0.695
Ch  1.30 -0.7052  0.7079   4.356  4.270  3.908  3.601  3.178  2.457  1.807  1.633  0.448  0.362  0.307  0.730  1.451  2.101  2.274    0.217    0.232    0.294    0.309    0.279    0.215    0.158    0.142  4.288  3.922  3.541  3.211  0.366  0.381  0.711
Ch  1.30 -0.7052  0.7943   4.478  4.380  3.995  3.677  3.247  2.523  1.874  1.701  0.482  0.384  0.318  0.748  1.473  2.121  2.294    0.240    0.254    0.316    0.329    0.295    0.226    0.167    0.150  4.399  4.010  3.615  3.281  0.388  0.396  0.729
Ch  1.30 -0.7052  0.8913   4.607  4.496  4.084  3.751  3.313  2.583  1.934  1.761  0.524  0.412  0.333  0.771  1.501  2.149  2.322    0.269    0.281    0.340    0.349    0.311    0.237    0.175    0.158  4.517  4.100  3.686  3.347  0.416  0.414  0.754
Ch  1.30 -0.7052  1.0000   4.737  4.618  4.180  3.836  3.391  2.659  2.012  1.840  0.557  0.438  0.344  0.789  1.521  2.168  2.340    0.300    0.312    0.369    0.375    0.331    0.252    0.187    0.168  4.640  4.197  3.769  3.426  0.443  0.428  0.771
Ch  1.30 -0.7052  1.1220   4.856  4.736  4.271  3.915  3.466  2.733  2.090  1.920  0.585  0.465  0.355  0.804  1.537  2.180  2.350    0.332    0.345    0.398    0.400    0.352    0.268    0.199    0.179  4.759  4.289  3.846  3.501  0.471  0.442  0.787
Ch  1.30 -0.7052  1.2589   4.965  4.831  4.316  3.938  3.477  2.744  2.105  1.939  0.649  0.515  0.379  0.839  1.572  2.211  2.377    0.365    0.373    0.411    0.405    0.353    0.269    0.200    0.181  4.858  4.336  3.865  3.513  0.522  0.471  0.823
Ch  1.30 -0.7052  1.4125   5.032  4.874  4.298  3.891  3.421  2.692  2.062  1.904  0.735  0.576  0.407  0.877  1.606  2.236  2.394    0.385    0.385    0.401    0.384    0.332    0.254    0.191    0.174  4.906  4.318  3.813  3.457  0.588  0.505  0.861
Ch  1.30 -0.7052  1.5849   5.311  5.145  4.556  4.129  3.626  2.860  2.196  2.024  0.755  0.589  0.427  0.930  1.696  2.360  2.532    0.489    0.486    0.500    0.471    0.394    0.291    0.212    0.191  5.179  4.577  4.049  3.663  0.602  0.528  0.913
Ch  1.30 -0.7052  1.7783   5.461  5.305  4.704  4.275  3.782  3.037  2.388  2.221  0.758  0.601  0.428  0.922  1.666  2.316  2.483    0.557    0.558    0.568    0.534    0.451    0.340    0.251    0.227  5.339  4.725  4.195  3.819  0.614  0.531  0.906
Ch  1.30 -0.7052  1.9953   5.607  5.445  4.815  4.375  3.882  3.145  2.503  2.341  0.792  0.630  0.440  0.933  1.670  2.312  2.474    0.632    0.630    0.625    0.581    0.491    0.372    0.277    0.251  5.482  4.837  4.292  3.919  0.645  0.545  0.918
Ch  1.30 -0.7052  2.2387   5.734  5.570  4.908  4.455  3.957  3.218  2.579  2.419  0.825  0.662  0.454  0.951  1.690  2.329  2.489    0.704    0.702    0.676    0.620    0.522    0.396    0.295    0.268  5.610  4.931  4.370  3.995  0.679  0.561  0.936
Ch  1.30 -0.7052  2.5119   5.866  5.696  5.014  4.553  4.053  3.311  2.673  2.513  0.852  0.682  0.461  0.962  1.703  2.342  2.501    0.790    0.782    0.739    0.674    0.566    0.428    0.319    0.290  5.738  5.038  4.468  4.091  0.700  0.570  0.946
Ch  1.30 -0.7052  2.8184   5.992  5.815  5.118  4.653  4.154  3.417  2.785  2.628  0.874  0.696  0.465  0.964  1.701  2.333  2.490    0.880    0.865    0.807    0.733    0.617    0.468    0.351    0.320  5.858  5.142  4.567  4.193  0.716  0.575  0.949
Ch  1.30 -0.7052  3.1623   6.101  5.921  5.218  4.750  4.252  3.516  2.887  2.731  0.884  0.704  0.468  0.966  1.701  2.331  2.487    0.967    0.948    0.878    0.796    0.670    0.509    0.382    0.349  5.965  5.241  4.663  4.290  0.724  0.578  0.951
Ch  1.30 -0.7052  3.5481   6.208  6.024  5.313  4.843  4.345  3.613  2.986  2.832  0.895  0.711  0.470  0.968  1.700  2.327  2.481    1.059    1.035    0.953    0.862    0.726    0.553    0.416    0.381  6.068  5.337  4.756  4.384  0.731  0.581  0.953
Ch  1.30 -0.7052  3.9811   6.323  6.132  5.410  4.934  4.435  3.702  3.075  2.922  0.913  0.722  0.476  0.975  1.708  2.334  2.488    1.169    1.136    1.034    0.931    0.783    0.596    0.449    0.411  6.178  5.434  4.847  4.474  0.744  0.587  0.960
Ch  1.30 -0.7052  4.4668   6.456  6.264  5.534  5.054  4.555  3.824  3.200  3.049  0.923  0.730  0.479  0.978  1.709  2.334  2.485    1.314    1.274    1.152    1.033    0.869    0.663    0.500    0.459  6.311  5.558  4.966  4.595  0.753  0.592  0.963
Ch  1.30 -0.7052  5.0119   6.578  6.377  5.633  5.148  4.645  3.912  3.287  3.136  0.945  0.743  0.485  0.988  1.721  2.346  2.497    1.460    1.404    1.254    1.118    0.937    0.714    0.538    0.494  6.425  5.658  5.059  4.685  0.767  0.599  0.972
Ch  1.30 -0.7052  5.6234   6.721  6.520  5.773  5.287  4.787  4.060  3.440  3.292  0.948  0.747  0.486  0.986  1.713  2.332  2.481    1.655    1.592    1.417    1.263    1.062    0.813    0.616    0.567  6.569  5.798  5.198  4.828  0.771  0.599  0.970
Ch  1.30 -0.7052  6.3096   6.842  6.632  5.871  5.378  4.875  4.145  3.524  3.376  0.972  0.761  0.492  0.996  1.726  2.347  2.495    1.840    1.754    1.542    1.366    1.144    0.874    0.662    0.609  6.682  5.896  5.289  4.916  0.787  0.607  0.980
Ch  1.30 -0.7052  7.0795   6.962  6.744  5.971  5.473  4.966  4.235  3.614  3.467  0.992  0.773  0.498  1.004  1.736  2.357  2.504    2.043    1.934    1.681    1.482    1.238    0.944    0.714    0.658  6.796  5.996  5.383  5.007  0.800  0.613  0.988
Ch  1.30 -0.7052  7.9433   7.095  6.868  6.083  5.579  5.070  4.337  3.715  3.569  1.012  0.785  0.503  1.013  1.746  2.368  2.514    2.294    2.155    1.853    1.625    1.353    1.031    0.780    0.719  6.921  6.108  5.489  5.111  0.813  0.620  0.997
Ch  1.30 -0.7052  8.9125   7.220  6.984  6.187  5.679  5.167  4.433  3.812  3.666  1.033  0.796  0.509  1.021  1.754  2.376  2.521    2.562    2.385    2.029    1.772    1.472    1.120    0.848    0.782  7.039  6.213  5.588  5.209  0.825  0.625  1.004
Ch  1.30 -0.7052 10.0000   7.343  7.098  6.291  5.778  5.264  4.531  3.910  3.766  1.052  0.806  0.513  1.027  1.760  2.381  2.525    2.853    2.635    2.221    1.931    1.602    1.219    0.923    0.853  7.154  6.318  5.687  5.307  0.836  0.631  1.010
Ch  1.30 -0.7052 11.2202   7.464  7.208  6.391  5.874  5.358  4.624  4.004  3.861  1.073  0.817  0.518  1.034  1.767  2.388  2.530    3.174    2.902    2.423    2.098    1.737    1.322    1.001    0.926  7.266  6.418  5.782  5.401  0.848  0.636  1.017
Ch  1.30 -0.7052 12.5893   7.589  7.319  6.489  5.965  5.446  4.710  4.088  3.947  1.100  0.830  0.524  1.043  1.779  2.401  2.542    3.543    3.198    2.639    2.272    1.874    1.424    1.077    0.998  7.378  6.516  5.873  5.489  0.862  0.643  1.026
Ch  1.30 -0.7052 14.1254   7.706  7.424  6.584  6.057  5.536  4.800  4.179  4.040  1.121  0.839  0.528  1.049  1.784  2.405  2.545    3.927    3.506    2.868    2.460    2.027    1.540    1.166    1.082  7.484  6.612  5.965  5.580  0.873  0.647  1.032
Ch  1.30 -0.7052 15.8489   7.820  7.531  6.686  6.157  5.637  4.906  4.289  4.152  1.133  0.844  0.529  1.049  1.780  2.397  2.534    4.329    3.840    3.127    2.678    2.209    1.685    1.280    1.191  7.592  6.714  6.065  5.682  0.878  0.649  1.032
Ch  1.30 -0.7052 17.7828   7.926  7.636  6.791  6.262  5.744  5.019  4.406  4.273  1.135  0.845  0.530  1.048  1.773  2.385  2.519    4.724    4.185    3.406    2.916    2.410    1.848    1.411    1.316  7.698  6.819  6.170  5.789  0.879  0.649  1.030
Ch  1.30 -0.3960  0.0631   1.994  2.389  2.328  2.196  2.020  1.657  1.233  1.134 -0.334  0.062  0.132  0.308  0.671  1.095  1.194    0.029    0.048    0.081    0.100    0.113    0.121    0.110    0.106  2.399  2.329  2.167  2.034  0.069  0.162  0.295
Ch  1.30 -0.3960  0.0708   2.089  2.465  2.395  2.262  2.087  1.732  1.321  1.225 -0.306  0.070  0.133  0.308  0.663  1.074  1.170    0.031    0.051    0.085    0.105    0.119    0.129    0.118    0.114  2.474  2.397  2.233  2.101  0.077  0.164  0.296
Ch  1.30 -0.3960  0.0794   2.193  2.554  2.480  2.350  2.180  1.842  1.452  1.361 -0.288  0.074  0.130  0.300  0.638  1.029  1.119    0.034    0.055    0.092    0.113    0.129    0.141    0.132    0.128  2.563  2.482  2.321  2.194  0.080  0.162  0.288
Ch  1.30 -0.3960  0.0891   2.285  2.630  2.548  2.415  2.243  1.908  1.525  1.435 -0.263  0.082  0.132  0.305  0.639  1.023  1.112    0.037    0.059    0.097    0.119    0.136    0.149    0.140    0.137  2.639  2.550  2.386  2.258  0.088  0.165  0.293
Ch  1.30 -0.3960  0.1000   2.376  2.706  2.615  2.481  2.305  1.969  1.589  1.501 -0.239  0.091  0.135  0.311  0.646  1.026  1.115    0.040    0.063    0.102    0.126    0.143    0.157    0.148    0.144  2.715  2.619  2.450  2.320  0.096  0.169  0.299
Ch  1.30 -0.3960  0.1122   2.470  2.780  2.686  2.553  2.376  2.042  1.665  1.576 -0.217  0.094  0.134  0.311  0.644  1.022  1.110    0.043    0.067    0.108    0.134    0.151    0.166    0.158    0.153  2.789  2.690  2.523  2.391  0.099  0.167  0.299
Ch  1.30 -0.3960  0.1259   2.585  2.858  2.703  2.484  2.026  1.127  0.376  0.131 -0.119  0.154  0.219  0.678  1.577  2.328  2.572    0.048    0.071    0.109    0.125    0.109    0.071    0.048    0.040  2.869  2.710  2.442  2.054  0.159  0.268  0.655
Ch  1.30 -0.3960  0.1413   2.688  2.940  2.783  2.570  2.136  1.255  0.518  0.275 -0.095  0.157  0.212  0.647  1.528  2.265  2.508    0.052    0.076    0.117    0.134    0.120    0.079    0.054    0.046  2.951  2.789  2.528  2.163  0.162  0.261  0.626
Ch  1.30 -0.3960  0.1585   2.797  3.027  2.866  2.659  2.253  1.403  0.688  0.449 -0.069  0.161  0.207  0.613  1.463  2.178  2.418    0.057    0.082    0.125    0.144    0.132    0.090    0.063    0.053  3.038  2.873  2.618  2.279  0.166  0.255  0.593
Ch  1.30 -0.3960  0.1778   2.911  3.119  2.949  2.742  2.352  1.521  0.822  0.585 -0.038  0.170  0.206  0.596  1.427  2.127  2.363    0.063    0.089    0.134    0.155    0.144    0.100    0.070    0.060  3.130  2.956  2.700  2.378  0.174  0.255  0.578
Ch  1.30 -0.3960  0.1995   3.037  3.223  3.046  2.841  2.473  1.678  1.001  0.771 -0.009  0.177  0.205  0.573  1.369  2.046  2.275    0.070    0.097    0.146    0.168    0.159    0.115    0.082    0.070  3.235  3.054  2.799  2.498  0.181  0.254  0.556
Ch  1.30 -0.3960  0.2239   3.158  3.317  3.131  2.923  2.562  1.779  1.112  0.886  0.028  0.186  0.207  0.569  1.352  2.019  2.245    0.078    0.105    0.156    0.180    0.172    0.125    0.091    0.078  3.329  3.139  2.881  2.586  0.190  0.258  0.552
Ch  1.30 -0.3960  0.2512   3.296  3.421  3.228  3.020  2.665  1.896  1.239  1.016  0.068  0.193  0.208  0.563  1.332  1.989  2.212    0.088    0.114    0.170    0.195    0.188    0.138    0.101    0.087  3.432  3.236  2.977  2.690  0.197  0.259  0.546
Ch  1.30 -0.3960  0.2818   3.436  3.528  3.329  3.122  2.780  2.043  1.405  1.191  0.107  0.199  0.207  0.548  1.286  1.924  2.138    0.099    0.125    0.185    0.213    0.207    0.157    0.117    0.101  3.540  3.337  3.078  2.805  0.203  0.259  0.532
Ch  1.30 -0.3960  0.3162   3.577  3.630  3.413  3.199  2.848  2.105  1.464  1.252  0.163  0.216  0.215  0.565  1.309  1.950  2.162    0.113    0.137    0.199    0.227    0.219    0.165    0.123    0.107  3.642  3.422  3.154  2.873  0.220  0.268  0.549
Ch  1.30 -0.3960  0.3548   3.718  3.730  3.500  3.279  2.919  2.170  1.526  1.315  0.218  0.230  0.221  0.580  1.330  1.974  2.185    0.127    0.149    0.213    0.243    0.232    0.174    0.129    0.112  3.742  3.509  3.234  2.945  0.234  0.275  0.564
Ch  1.30 -0.3960  0.3981   3.861  3.836  3.588  3.360  2.991  2.237  1.590  1.381  0.273  0.247  0.228  0.597  1.351  1.998  2.207    0.144    0.163    0.230    0.260    0.246    0.184    0.136    0.118  3.848  3.598  3.313  3.017  0.251  0.284  0.580
Ch  1.30 -0.3960  0.4467   3.995  3.939  3.672  3.435  3.061  2.313  1.671  1.465  0.324  0.267  0.236  0.611  1.359  2.001  2.207    0.162    0.178    0.247    0.277    0.261    0.196    0.146    0.127  3.952  3.682  3.387  3.088  0.270  0.295  0.594
Ch  1.30 -0.3960  0.5012   4.131  4.051  3.760  3.512  3.126  2.374  1.732  1.528  0.371  0.291  0.249  0.634  1.386  2.028  2.233    0.182    0.196    0.266    0.295    0.275    0.206    0.153    0.134  4.065  3.772  3.461  3.154  0.294  0.311  0.617
Ch  1.30 -0.3960  0.5623   4.259  4.164  3.852  3.592  3.197  2.439  1.796  1.591  0.407  0.312  0.260  0.655  1.413  2.056  2.261    0.204    0.216    0.287    0.315    0.292    0.217    0.161    0.141  4.179  3.865  3.539  3.225  0.315  0.326  0.639
Ch  1.30 -0.3960  0.6310   4.391  4.282  3.942  3.666  3.259  2.496  1.853  1.648  0.449  0.340  0.276  0.683  1.446  2.089  2.294    0.228    0.239    0.310    0.335    0.307    0.227    0.169    0.147  4.298  3.956  3.610  3.289  0.342  0.345  0.667
Ch  1.30 -0.3960  0.7079   4.517  4.396  4.022  3.727  3.304  2.526  1.876  1.670  0.495  0.373  0.295  0.718  1.497  2.147  2.352    0.255    0.264    0.331    0.352    0.317    0.232    0.171    0.149  4.413  4.037  3.668  3.335  0.376  0.369  0.702
Ch  1.30 -0.3960  0.7943   4.651  4.527  4.124  3.815  3.386  2.599  1.950  1.745  0.528  0.404  0.308  0.738  1.524  2.174  2.378    0.286    0.295    0.361    0.379    0.340    0.246    0.182    0.159  4.546  4.139  3.754  3.417  0.407  0.386  0.722
Ch  1.30 -0.3960  0.8913   4.790  4.664  4.225  3.900  3.459  2.670  2.021  1.817  0.564  0.439  0.325  0.767  1.555  2.204  2.409    0.323    0.333    0.393    0.407    0.361    0.261    0.192    0.168  4.685  4.243  3.836  3.491  0.443  0.407  0.752
Ch  1.30 -0.3960  1.0000   4.915  4.787  4.316  3.975  3.526  2.736  2.089  1.886  0.599  0.471  0.341  0.790  1.580  2.227  2.430    0.359    0.370    0.424    0.432    0.381    0.275    0.203    0.178  4.810  4.334  3.908  3.559  0.476  0.426  0.776
Ch  1.30 -0.3960  1.1220   5.049  4.918  4.408  4.046  3.585  2.797  2.151  1.951  0.641  0.510  0.362  0.823  1.611  2.257  2.457    0.403    0.414    0.458    0.458    0.399    0.289    0.214    0.187  4.943  4.427  3.975  3.619  0.516  0.452  0.808
Ch  1.30 -0.3960  1.2589   5.154  4.985  4.394  3.986  3.496  2.694  2.040  1.846  0.760  0.591  0.408  0.898  1.700  2.354  2.548    0.441    0.437    0.449    0.430    0.365    0.260    0.191    0.169  5.018  4.415  3.908  3.532  0.603  0.507  0.883
Ch  1.30 -0.3960  1.4125   5.394  5.230  4.621  4.194  3.679  2.834  2.153  1.947  0.774  0.609  0.427  0.941  1.787  2.468  2.674    0.541    0.538    0.544    0.512    0.424    0.291    0.209    0.182  5.265  4.642  4.113  3.716  0.623  0.529  0.926
Ch  1.30 -0.3960  1.5849   5.558  5.398  4.767  4.330  3.822  2.992  2.321  2.122  0.792  0.631  0.437  0.945  1.775  2.446  2.645    0.623    0.622    0.616    0.574    0.479    0.334    0.241    0.212  5.435  4.788  4.248  3.858  0.646  0.541  0.930
Ch  1.30 -0.3960  1.7783   5.728  5.551  4.894  4.445  3.931  3.100  2.429  2.232  0.834  0.657  0.449  0.963  1.794  2.465  2.662    0.722    0.711    0.687    0.633    0.525    0.366    0.264    0.233  5.591  4.916  4.361  3.968  0.675  0.556  0.948
Ch  1.30 -0.3960  1.9953   5.887  5.693  5.009  4.548  4.032  3.211  2.546  2.354  0.878  0.684  0.461  0.976  1.797  2.462  2.654    0.830    0.804    0.758    0.692    0.573    0.402    0.292    0.258  5.735  5.031  4.462  4.070  0.704  0.569  0.961
Ch  1.30 -0.3960  2.2387   6.041  5.829  5.117  4.644  4.124  3.305  2.642  2.454  0.924  0.712  0.472  0.993  1.811  2.475  2.663    0.950    0.904    0.832    0.751    0.619    0.435    0.317    0.281  5.874  5.140  4.557  4.162  0.734  0.583  0.978
Ch  1.30 -0.3960  2.5119   6.191  5.956  5.217  4.734  4.210  3.391  2.730  2.543  0.975  0.739  0.483  1.007  1.826  2.487  2.673    1.083    1.009    0.905    0.809    0.665    0.468    0.341    0.303  6.004  5.240  4.645  4.248  0.764  0.595  0.992
Ch  1.30 -0.3960  2.8184   6.332  6.082  5.324  4.833  4.298  3.471  2.805  2.617  1.008  0.757  0.492  1.026  1.853  2.520  2.708    1.224    1.125    0.992    0.880    0.716    0.500    0.363    0.322  6.132  5.348  4.743  4.338  0.783  0.606  1.011
Ch  1.30 -0.3960  3.1623   6.475  6.212  5.442  4.948  4.421  3.612  2.957  2.775  1.033  0.770  0.494  1.020  1.830  2.485  2.667    1.386    1.260    1.098    0.971    0.797    0.565    0.415    0.370  6.263  5.466  4.857  4.461  0.798  0.609  1.005
Ch  1.30 -0.3960  3.5481   6.581  6.309  5.528  5.030  4.502  3.695  3.042  2.863  1.053  0.781  0.498  1.026  1.832  2.486  2.665    1.519    1.369    1.181    1.041    0.852    0.607    0.446    0.399  6.362  5.552  4.939  4.541  0.809  0.613  1.011
Ch  1.30 -0.3960  3.9811   6.691  6.410  5.620  5.117  4.585  3.779  3.125  2.946  1.071  0.790  0.503  1.035  1.841  2.495  2.674    1.671    1.494    1.278    1.121    0.915    0.651    0.478    0.428  6.464  5.645  5.025  4.625  0.820  0.619  1.020
Ch  1.30 -0.3960  4.4668   6.813  6.522  5.721  5.212  4.675  3.869  3.213  3.036  1.092  0.802  0.509  1.045  1.852  2.508  2.685    1.857    1.645    1.393    1.216    0.988    0.703    0.515    0.462  6.578  5.746  5.120  4.716  0.832  0.626  1.030
Ch  1.30 -0.3960  5.0119   6.955  6.659  5.850  5.338  4.800  3.996  3.343  3.167  1.105  0.809  0.512  1.050  1.853  2.507  2.683    2.103    1.853    1.559    1.357    1.100    0.785    0.577    0.518  6.715  5.875  5.246  4.841  0.840  0.629  1.034
Ch  1.30 -0.3960  5.6234   7.085  6.774  5.951  5.433  4.890  4.084  3.428  3.253  1.134  0.823  0.518  1.062  1.868  2.523  2.698    2.357    2.049    1.701    1.472    1.188    0.846    0.620    0.557  6.832  5.977  5.340  4.931  0.856  0.636  1.045
Ch  1.30 -0.3960  6.3096   7.236  6.914  6.081  5.558  5.011  4.207  3.553  3.380  1.155  0.833  0.523  1.070  1.874  2.529  2.701    2.693    2.318    1.907    1.642    1.321    0.943    0.692    0.622  6.974  6.107  5.464  5.053  0.867  0.642  1.054
Ch  1.30 -0.3960  7.0795   7.376  7.047  6.210  5.685  5.138  4.337  3.684  3.513  1.166  0.838  0.525  1.071  1.873  2.525  2.697    3.048    2.607    2.135    1.836    1.478    1.057    0.777    0.700  7.108  6.235  5.592  5.181  0.872  0.644  1.055
Ch  1.30 -0.3960  7.9433   7.506  7.162  6.313  5.782  5.231  4.428  3.775  3.604  1.193  0.849  0.531  1.082  1.885  2.538  2.708    3.419    2.883    2.336    1.998    1.602    1.144    0.841    0.758  7.224  6.339  5.688  5.274  0.885  0.651  1.065
Ch  1.30 -0.3960  8.9125   7.627  7.266  6.405  5.869  5.314  4.510  3.856  3.686  1.222  0.861  0.536  1.091  1.895  2.549  2.719    3.800    3.155    2.530    2.153    1.719    1.226    0.901    0.813  7.329  6.431  5.774  5.357  0.898  0.657  1.074
Ch  1.30 -0.3960 10.0000   7.750  7.370  6.495  5.952  5.390  4.581  3.924  3.754  1.255  0.874  0.543  1.105  1.914  2.571  2.741    4.236    3.454    2.735    2.313    1.836    1.303    0.955    0.861  7.435  6.522  5.857  5.434  0.913  0.665  1.087
Ch  1.30 -0.3960 11.2202   7.858  7.465  6.583  6.036  5.470  4.658  3.999  3.829  1.276  0.882  0.547  1.112  1.925  2.583  2.754    4.657    3.753    2.950    2.486    1.966    1.391    1.018    0.918  7.532  6.609  5.940  5.515  0.922  0.669  1.095
Ch  1.30 -0.3960 12.5893   7.982  7.576  6.686  6.134  5.565  4.747  4.087  3.916  1.296  0.890  0.551  1.121  1.938  2.598  2.770    5.196    4.139    3.230    2.711    2.136    1.505    1.099    0.990  7.644  6.713  6.039  5.610  0.931  0.674  1.103
Ch  1.30 -0.3960 14.1254   8.125  7.699  6.796  6.238  5.660  4.832  4.167  3.993  1.329  0.903  0.558  1.136  1.964  2.629  2.803    5.900    4.615    3.559    2.968    2.322    1.620    1.178    1.058  7.769  6.823  6.142  5.706  0.946  0.682  1.117
Ch  1.30 -0.3960 15.8489   8.282  7.841  6.928  6.364  5.781  4.955  4.290  4.118  1.353  0.913  0.564  1.147  1.973  2.638  2.810    6.789    5.240    4.004    3.320    2.586    1.806    1.313    1.182  7.913  6.956  6.268  5.828  0.957  0.688  1.128
Ch  1.30 -0.3960 17.7828   8.380  7.928  7.006  6.437  5.851  5.025  4.359  4.189  1.373  0.922  0.569  1.155  1.981  2.647  2.817    7.379    5.637    4.272    3.527    2.737    1.913    1.390    1.253  8.001  7.034  6.341  5.898  0.967  0.693  1.136
Ch  1.30  0.0000  0.0631   2.121  2.502  2.405  2.247  2.029  1.599  1.132  1.009 -0.284  0.097  0.158  0.375  0.806  1.273  1.396    0.033    0.053    0.087    0.104    0.114    0.115    0.100    0.094  2.512  2.408  2.212  2.048  0.105  0.195  0.360
Ch  1.30  0.0000  0.0708   2.235  2.595  2.487  2.323  2.101  1.664  1.200  1.079 -0.251  0.109  0.163  0.386  0.822  1.286  1.408    0.036    0.058    0.093    0.111    0.121    0.121    0.106    0.100  2.607  2.490  2.288  2.119  0.117  0.202  0.370
Ch  1.30  0.0000  0.0794   2.347  2.690  2.583  2.422  2.203  1.769  1.311  1.191 -0.236  0.107  0.160  0.380  0.814  1.272  1.392    0.040    0.063    0.101    0.121    0.132    0.132    0.116    0.110  2.701  2.586  2.387  2.221  0.115  0.199  0.365
Ch  1.30  0.0000  0.0891   2.444  2.762  2.648  2.487  2.266  1.832  1.379  1.262 -0.204  0.114  0.162  0.382  0.816  1.269  1.387    0.043    0.067    0.106    0.128    0.139    0.139    0.123    0.116  2.773  2.651  2.451  2.284  0.122  0.200  0.367
Ch  1.30  0.0000  0.1000   2.552  2.842  2.721  2.557  2.334  1.896  1.446  1.329 -0.169  0.121  0.164  0.387  0.824  1.275  1.392    0.047    0.071    0.113    0.135    0.147    0.147    0.130    0.123  2.853  2.724  2.521  2.352  0.129  0.204  0.372
Ch  1.30  0.0000  0.1122   2.658  2.921  2.796  2.630  2.406  1.964  1.513  1.397 -0.138  0.125  0.166  0.389  0.831  1.283  1.399    0.052    0.076    0.120    0.144    0.156    0.155    0.137    0.130  2.932  2.800  2.593  2.425  0.133  0.206  0.375
Ch  1.30  0.0000  0.1259   2.764  3.003  2.872  2.692  2.364  1.421  0.712  0.450 -0.108  0.130  0.181  0.508  1.451  2.160  2.422    0.057    0.082    0.128    0.151    0.149    0.093    0.065    0.054  3.014  2.876  2.654  2.382  0.138  0.222  0.494
Ch  1.30  0.0000  0.1413   2.873  3.083  2.952  2.774  2.458  1.542  0.845  0.587 -0.079  0.132  0.178  0.493  1.409  2.106  2.365    0.062    0.087    0.137    0.162    0.161    0.104    0.073    0.061  3.095  2.956  2.736  2.476  0.139  0.219  0.480
Ch  1.30  0.0000  0.1585   2.990  3.174  3.043  2.870  2.569  1.698  1.018  0.766 -0.053  0.131  0.173  0.474  1.345  2.025  2.277    0.069    0.094    0.148    0.176    0.178    0.119    0.085    0.071  3.185  3.048  2.833  2.587  0.137  0.214  0.461
Ch  1.30  0.0000  0.1778   3.118  3.266  3.128  2.956  2.667  1.834  1.172  0.925 -0.010  0.138  0.172  0.461  1.294  1.957  2.203    0.077    0.102    0.159    0.189    0.193    0.134    0.098    0.082  3.276  3.133  2.919  2.685  0.144  0.214  0.448
Ch  1.30  0.0000  0.1995   3.238  3.352  3.207  3.036  2.762  1.978  1.341  1.104  0.031  0.145  0.170  0.445  1.228  1.866  2.103    0.085    0.109    0.170    0.202    0.209    0.152    0.113    0.096  3.362  3.212  3.000  2.779  0.150  0.212  0.433
Ch  1.30  0.0000  0.2239   3.382  3.457  3.298  3.126  2.859  2.120  1.507  1.282  0.084  0.159  0.172  0.439  1.178  1.791  2.016    0.097    0.120    0.183    0.218    0.227    0.172    0.131    0.113  3.467  3.304  3.088  2.877  0.163  0.215  0.427
Ch  1.30  0.0000  0.2512   3.531  3.559  3.384  3.207  2.935  2.184  1.569  1.343  0.147  0.175  0.177  0.449  1.200  1.816  2.041    0.110    0.131    0.197    0.234    0.242    0.182    0.138    0.118  3.570  3.390  3.169  2.953  0.179  0.221  0.437
Ch  1.30  0.0000  0.2818   3.674  3.658  3.470  3.291  3.015  2.252  1.634  1.407  0.204  0.188  0.179  0.456  1.218  1.836  2.063    0.125    0.142    0.212    0.251    0.259    0.192    0.146    0.125  3.669  3.477  3.253  3.033  0.192  0.224  0.444
Ch  1.30  0.0000  0.3162   3.817  3.764  3.558  3.373  3.093  2.334  1.723  1.498  0.259  0.207  0.185  0.464  1.224  1.835  2.060    0.141    0.156    0.229    0.269    0.277    0.206    0.157    0.135  3.775  3.565  3.333  3.112  0.210  0.232  0.453
Ch  1.30  0.0000  0.3548   3.950  3.869  3.639  3.443  3.153  2.387  1.776  1.553  0.311  0.230  0.196  0.486  1.252  1.863  2.087    0.159    0.171    0.245    0.285    0.290    0.214    0.164    0.141  3.880  3.647  3.401  3.173  0.233  0.246  0.475
Ch  1.30  0.0000  0.3981   4.080  3.984  3.730  3.522  3.220  2.446  1.836  1.613  0.350  0.254  0.208  0.510  1.284  1.894  2.118    0.178    0.189    0.265    0.304    0.307    0.225    0.172    0.148  3.996  3.740  3.477  3.241  0.256  0.263  0.499
Ch  1.30  0.0000  0.4467   4.213  4.101  3.819  3.594  3.279  2.498  1.888  1.666  0.394  0.283  0.225  0.540  1.320  1.931  2.153    0.200    0.209    0.285    0.323    0.322    0.235    0.179    0.154  4.114  3.830  3.546  3.301  0.284  0.284  0.529
Ch  1.30  0.0000  0.5012   4.352  4.228  3.911  3.668  3.340  2.547  1.934  1.713  0.441  0.317  0.243  0.571  1.364  1.977  2.198    0.226    0.233    0.309    0.344    0.338    0.244    0.186    0.160  4.242  3.923  3.617  3.363  0.318  0.307  0.561
Ch  1.30  0.0000  0.5623   4.494  4.367  4.014  3.754  3.415  2.608  1.993  1.773  0.479  0.353  0.260  0.599  1.406  2.021  2.241    0.256    0.263    0.337    0.370    0.361    0.256    0.195    0.168  4.383  4.028  3.700  3.439  0.355  0.328  0.589
Ch  1.30  0.0000  0.6310   4.639  4.513  4.124  3.847  3.490  2.677  2.059  1.839  0.515  0.388  0.278  0.634  1.447  2.065  2.285    0.290    0.299    0.371    0.400    0.384    0.271    0.206    0.178  4.530  4.139  3.789  3.515  0.391  0.350  0.624
Ch  1.30  0.0000  0.7079   4.785  4.661  4.232  3.933  3.561  2.741  2.120  1.900  0.553  0.429  0.299  0.671  1.491  2.112  2.332    0.330    0.341    0.407    0.430    0.407    0.286    0.217    0.187  4.681  4.248  3.871  3.588  0.432  0.377  0.660
Ch  1.30  0.0000  0.7943   4.937  4.808  4.335  4.014  3.626  2.797  2.173  1.954  0.602  0.472  0.322  0.710  1.538  2.162  2.382    0.377    0.387    0.444    0.461    0.429    0.299    0.226    0.195  4.830  4.353  3.948  3.654  0.477  0.405  0.700
Ch  1.30  0.0000  0.8913   5.089  4.953  4.441  4.099  3.695  2.853  2.223  2.003  0.647  0.511  0.342  0.746  1.588  2.218  2.438    0.430    0.439    0.486    0.495    0.454    0.313    0.235    0.202  4.978  4.460  4.030  3.724  0.518  0.430  0.736
Ch  1.30  0.0000  1.0000   5.238  5.102  4.551  4.189  3.772  2.923  2.290  2.071  0.687  0.551  0.362  0.779  1.628  2.261  2.480    0.490    0.501    0.534    0.533    0.484    0.331    0.248    0.214  5.130  4.571  4.116  3.802  0.560  0.454  0.769
Ch  1.30  0.0000  1.1220   5.395  5.238  4.648  4.267  3.838  2.983  2.350  2.133  0.748  0.591  0.381  0.809  1.664  2.298  2.515    0.563    0.564    0.580    0.569    0.511    0.348    0.260    0.225  5.270  4.668  4.191  3.869  0.602  0.477  0.799
Ch  1.30  0.0000  1.2589   5.555  5.352  4.701  4.286  3.831  2.963  2.320  2.107  0.853  0.651  0.415  0.870  1.738  2.381  2.594    0.647    0.621    0.605    0.575    0.504    0.339    0.251    0.218  5.390  4.723  4.206  3.863  0.667  0.516  0.859
Ch  1.30  0.0000  1.4125   5.703  5.452  4.741  4.293  3.811  2.936  2.285  2.077  0.963  0.711  0.448  0.929  1.805  2.456  2.664    0.737    0.676    0.622    0.575    0.491    0.328    0.242    0.210  5.496  4.763  4.208  3.846  0.734  0.555  0.917
Ch  1.30  0.0000  1.5849   5.924  5.689  4.972  4.511  4.002  3.076  2.394  2.171  0.952  0.717  0.461  0.970  1.896  2.579  2.801    0.890    0.830    0.759    0.693    0.577    0.368    0.263    0.226  5.734  4.995  4.425  4.038  0.740  0.570  0.957
Ch  1.30  0.0000  1.7783   6.103  5.851  5.114  4.641  4.120  3.206  2.523  2.305  0.990  0.738  0.473  0.993  1.908  2.590  2.809    1.041    0.955    0.858    0.774    0.638    0.411    0.294    0.254  5.899  5.137  4.554  4.157  0.762  0.583  0.980
Ch  1.30  0.0000  1.9953   6.282  6.010  5.253  4.772  4.246  3.356  2.680  2.470  1.029  0.757  0.482  1.007  1.897  2.573  2.783    1.218    1.097    0.968    0.867    0.711    0.469    0.337    0.293  6.060  5.276  4.683  4.283  0.783  0.594  0.994
Ch  1.30  0.0000  2.2387   6.450  6.151  5.369  4.875  4.339  3.456  2.781  2.575  1.081  0.782  0.494  1.030  1.913  2.588  2.795    1.411    1.241    1.070    0.947    0.769    0.510    0.367    0.321  6.204  5.393  4.785  4.377  0.811  0.608  1.016
Ch  1.30  0.0000  2.5119   6.614  6.288  5.483  4.980  4.438  3.556  2.883  2.679  1.131  0.805  0.503  1.045  1.927  2.600  2.804    1.631    1.398    1.180    1.035    0.837    0.556    0.401    0.351  6.344  5.507  4.888  4.476  0.837  0.619  1.030
Ch  1.30  0.0000  2.8184   6.785  6.431  5.604  5.089  4.535  3.642  2.962  2.757  1.181  0.827  0.514  1.069  1.962  2.642  2.846    1.896    1.583    1.310    1.137    0.909    0.597    0.428    0.374  6.489  5.628  4.996  4.574  0.861  0.632  1.054
Ch  1.30  0.0000  3.1623   6.959  6.570  5.719  5.193  4.626  3.723  3.039  2.835  1.240  0.851  0.526  1.093  1.995  2.680  2.884    2.212    1.790    1.447    1.243    0.982    0.640    0.457    0.399  6.632  5.744  5.098  4.666  0.889  0.645  1.078
Ch  1.30  0.0000  3.5481   7.111  6.694  5.826  5.292  4.717  3.803  3.115  2.909  1.285  0.869  0.534  1.109  2.022  2.711  2.916    2.528    1.994    1.587    1.353    1.061    0.684    0.487    0.425  6.759  5.850  5.196  4.757  0.908  0.654  1.094
Ch  1.30  0.0000  3.9811   7.264  6.823  5.940  5.400  4.823  3.916  3.231  3.029  1.324  0.883  0.540  1.117  2.024  2.709  2.911    2.891    2.231    1.752    1.486    1.163    0.755    0.539    0.472  6.890  5.965  5.304  4.864  0.924  0.661  1.102
Ch  1.30  0.0000  4.4668   7.329  6.896  6.017  5.478  4.901  3.996  3.311  3.110  1.311  0.879  0.539  1.116  2.022  2.706  2.908    3.049    2.370    1.869    1.586    1.241    0.806    0.576    0.505  6.962  6.042  5.382  4.942  0.920  0.660  1.101
Ch  1.30  0.0000  5.0119   7.460  7.004  6.112  5.565  4.981  4.066  3.377  3.174  1.348  0.893  0.546  1.130  2.046  2.734  2.938    3.420    2.603    2.027    1.709    1.329    0.855    0.609    0.532  7.072  6.137  5.469  5.022  0.935  0.668  1.114
Ch  1.30  0.0000  5.6234   7.608  7.129  6.221  5.668  5.078  4.155  3.464  3.260  1.387  0.907  0.553  1.144  2.066  2.758  2.962    3.900    2.904    2.230    1.868    1.444    0.924    0.655    0.573  7.199  6.247  5.571  5.119  0.952  0.676  1.128
Ch  1.30  0.0000  6.3096   7.762  7.285  6.380  5.829  5.245  4.339  3.656  3.456  1.382  0.904  0.551  1.135  2.042  2.724  2.924    4.472    3.335    2.569    2.156    1.677    1.088    0.778    0.683  7.355  6.406  5.732  5.287  0.949  0.674  1.119
Ch  1.30  0.0000  7.0795   7.890  7.395  6.480  5.923  5.333  4.419  3.734  3.533  1.410  0.915  0.557  1.147  2.061  2.746  2.947    5.006    3.673    2.801    2.339    1.809    1.166    0.832    0.729  7.466  6.506  5.825  5.375  0.961  0.680  1.130
Ch  1.30  0.0000  7.9433   8.028  7.512  6.585  6.022  5.427  4.506  3.819  3.617  1.443  0.927  0.563  1.158  2.079  2.766  2.968    5.657    4.072    3.071    2.550    1.963    1.257    0.896    0.784  7.585  6.611  5.924  5.470  0.975  0.687  1.141
Ch  1.30  0.0000  8.9125   8.165  7.624  6.682  6.112  5.509  4.577  3.886  3.682  1.483  0.942  0.570  1.173  2.105  2.796  3.000    6.386    4.493    3.343    2.757    2.107    1.336    0.948    0.829  7.699  6.708  6.013  5.552  0.992  0.695  1.156
Ch  1.30  0.0000 10.0000   8.297  7.735  6.781  6.204  5.596  4.660  3.968  3.763  1.517  0.954  0.577  1.185  2.120  2.813  3.017    7.182    4.953    3.644    2.987    2.272    1.436    1.017    0.889  7.812  6.807  6.104  5.639  1.006  0.702  1.168
Ch  1.30  0.0000 11.2202   8.438  7.848  6.879  6.295  5.680  4.732  4.035  3.828  1.559  0.969  0.584  1.200  2.147  2.844  3.051    8.140    5.473    3.972    3.235    2.443    1.527    1.078    0.940  7.928  6.906  6.195  5.724  1.022  0.711  1.182
Ch  1.30  0.0000 12.5893   8.587  7.968  6.983  6.391  5.769  4.819  4.121  3.915  1.604  0.985  0.592  1.214  2.164  2.862  3.068    9.290    6.080    4.350    3.517    2.641    1.646    1.161    1.013  8.050  7.010  6.290  5.814  1.040  0.719  1.196
Ch  1.30  0.0000 14.1254   8.733  8.083  7.083  6.483  5.853  4.891  4.189  3.981  1.650  1.000  0.600  1.230  2.192  2.894  3.102   10.582    6.733    4.749    3.811    2.841    1.752    1.231    1.072  8.168  7.110  6.382  5.899  1.058  0.728  1.212
Ch  1.30  0.0000 15.8489   8.872  8.198  7.187  6.581  5.945  4.975  4.271  4.061  1.685  1.011  0.606  1.242  2.212  2.916  3.125   11.971    7.450    5.200    4.150    3.077    1.883    1.321    1.149  8.285  7.214  6.479  5.991  1.071  0.735  1.223
Ch  1.30  0.0000 17.7828   9.021  8.320  7.296  6.684  6.042  5.064  4.358  4.148  1.724  1.024  0.612  1.254  2.232  2.938  3.149   13.672    8.302    5.728    4.545    3.350    2.036    1.425    1.239  8.410  7.324  6.582  6.088  1.086  0.742  1.236
Ch  1.30  0.2223  0.0631   2.267  2.652  2.570  2.380  2.087  1.522  0.938  0.776 -0.303  0.083  0.190  0.483  1.047  1.631  1.793    0.037    0.061    0.100    0.118    0.119    0.106    0.083    0.076  2.664  2.571  2.340  2.108  0.094  0.230  0.462
Ch  1.30  0.2223  0.0708   2.363  2.723  2.638  2.458  2.179  1.630  1.062  0.903 -0.275  0.085  0.181  0.459  1.008  1.576  1.735    0.040    0.065    0.106    0.125    0.129    0.117    0.093    0.084  2.734  2.639  2.420  2.200  0.095  0.219  0.440
Ch  1.30  0.2223  0.0794   2.466  2.795  2.706  2.530  2.262  1.729  1.178  1.023 -0.240  0.089  0.176  0.444  0.977  1.528  1.683    0.044    0.069    0.112    0.133    0.139    0.127    0.102    0.094  2.806  2.707  2.493  2.282  0.099  0.214  0.425
Ch  1.30  0.2223  0.0891   2.560  2.860  2.765  2.592  2.333  1.813  1.276  1.126 -0.205  0.095  0.173  0.432  0.952  1.488  1.639    0.048    0.073    0.118    0.140    0.147    0.136    0.112    0.102  2.871  2.767  2.555  2.352  0.105  0.212  0.414
Ch  1.30  0.2223  0.1000   2.650  2.925  2.825  2.654  2.405  1.897  1.374  1.227 -0.175  0.100  0.171  0.420  0.928  1.451  1.598    0.051    0.077    0.124    0.148    0.156    0.146    0.121    0.112  2.936  2.827  2.618  2.424  0.109  0.209  0.403
Ch  1.30  0.2223  0.1122   2.759  3.004  2.900  2.734  2.495  2.001  1.495  1.351 -0.141  0.104  0.166  0.405  0.898  1.405  1.549    0.056    0.082    0.132    0.158    0.169    0.160    0.135    0.125  3.014  2.902  2.698  2.513  0.112  0.204  0.389
Ch  1.30  0.2223  0.1259   2.870  3.083  2.971  2.801  2.526  1.674  1.002  0.757 -0.101  0.111  0.170  0.445  1.297  1.969  2.214    0.062    0.088    0.140    0.167    0.173    0.118    0.085    0.072  3.093  2.974  2.765  2.543  0.119  0.209  0.431
Ch  1.30  0.2223  0.1413   2.980  3.162  3.046  2.879  2.616  1.815  1.165  0.928 -0.066  0.115  0.167  0.430  1.231  1.881  2.118    0.068    0.094    0.149    0.178    0.186    0.133    0.098    0.083  3.172  3.050  2.844  2.633  0.122  0.206  0.417
Ch  1.30  0.2223  0.1585   3.107  3.250  3.125  2.958  2.704  1.968  1.348  1.127 -0.018  0.125  0.167  0.420  1.157  1.776  1.998    0.076    0.101    0.159    0.190    0.201    0.152    0.115    0.099  3.260  3.129  2.922  2.721  0.131  0.206  0.407
Ch  1.30  0.2223  0.1778   3.234  3.340  3.201  3.033  2.784  2.088  1.491  1.280  0.033  0.139  0.168  0.417  1.114  1.710  1.921    0.085    0.109    0.170    0.203    0.215    0.169    0.131    0.114  3.350  3.206  2.997  2.801  0.144  0.209  0.404
Ch  1.30  0.2223  0.1995   3.379  3.441  3.288  3.120  2.878  2.225  1.655  1.457  0.091  0.152  0.168  0.411  1.064  1.633  1.831    0.097    0.119    0.183    0.218    0.232    0.190    0.151    0.133  3.451  3.293  3.084  2.895  0.157  0.210  0.398
Ch  1.30  0.2223  0.2239   3.524  3.537  3.367  3.194  2.951  2.314  1.760  1.569  0.157  0.171  0.173  0.416  1.053  1.607  1.798    0.110    0.129    0.195    0.232    0.247    0.205    0.165    0.146  3.547  3.372  3.156  2.969  0.175  0.216  0.404
Ch  1.30  0.2223  0.2512   3.678  3.643  3.452  3.272  3.023  2.372  1.817  1.624  0.226  0.192  0.180  0.428  1.080  1.635  1.828    0.126    0.141    0.210    0.248    0.262    0.215    0.173    0.153  3.654  3.458  3.233  3.042  0.196  0.225  0.416
Ch  1.30  0.2223  0.2818   3.815  3.748  3.537  3.352  3.099  2.434  1.878  1.682  0.278  0.210  0.185  0.438  1.103  1.660  1.855    0.142    0.154    0.225    0.265    0.280    0.227    0.182    0.160  3.758  3.545  3.312  3.118  0.214  0.233  0.426
Ch  1.30  0.2223  0.3162   3.951  3.860  3.625  3.426  3.162  2.488  1.933  1.737  0.326  0.236  0.198  0.462  1.136  1.692  1.887    0.160    0.170    0.243    0.282    0.295    0.237    0.190    0.168  3.872  3.633  3.383  3.182  0.239  0.250  0.451
Ch  1.30  0.2223  0.3548   4.083  3.976  3.712  3.499  3.222  2.530  1.971  1.774  0.371  0.264  0.214  0.490  1.182  1.741  1.938    0.179    0.188    0.262    0.300    0.309    0.245    0.196    0.173  3.988  3.722  3.453  3.243  0.266  0.269  0.479
Ch  1.30  0.2223  0.3981   4.228  4.105  3.813  3.584  3.296  2.584  2.019  1.819  0.415  0.292  0.229  0.517  1.229  1.793  1.993    0.204    0.211    0.285    0.322    0.329    0.256    0.204    0.179  4.118  3.824  3.535  3.318  0.294  0.289  0.507
Ch  1.30  0.2223  0.4467   4.370  4.238  3.912  3.667  3.370  2.631  2.059  1.857  0.458  0.326  0.244  0.542  1.281  1.853  2.055    0.231    0.237    0.311    0.346    0.350    0.265    0.210    0.184  4.252  3.924  3.615  3.392  0.328  0.309  0.532
Ch  1.30  0.2223  0.5012   4.509  4.374  4.009  3.746  3.437  2.673  2.094  1.890  0.500  0.364  0.263  0.572  1.336  1.916  2.119    0.261    0.267    0.338    0.370    0.370    0.274    0.216    0.189  4.390  4.023  3.691  3.461  0.367  0.332  0.562
Ch  1.30  0.2223  0.5623   4.661  4.522  4.115  3.831  3.502  2.731  2.148  1.944  0.545  0.407  0.285  0.614  1.384  1.967  2.172    0.298    0.304    0.370    0.397    0.391    0.287    0.225    0.197  4.541  4.130  3.771  3.527  0.410  0.359  0.603
Ch  1.30  0.2223  0.6310   4.810  4.670  4.222  3.917  3.575  2.794  2.207  2.002  0.588  0.448  0.305  0.647  1.428  2.016  2.220    0.340    0.346    0.406    0.427    0.415    0.302    0.236    0.206  4.691  4.239  3.854  3.601  0.453  0.385  0.637
Ch  1.30  0.2223  0.7079   4.974  4.827  4.337  4.010  3.651  2.860  2.267  2.061  0.637  0.490  0.326  0.686  1.477  2.069  2.275    0.393    0.397    0.448    0.462    0.442    0.319    0.248    0.217  4.851  4.354  3.944  3.679  0.496  0.411  0.676
Ch  1.30  0.2223  0.7943   5.149  4.986  4.450  4.102  3.727  2.919  2.321  2.114  0.699  0.536  0.348  0.723  1.531  2.129  2.336    0.459    0.457    0.494    0.500    0.471    0.335    0.259    0.226  5.013  4.469  4.031  3.755  0.545  0.438  0.713
Ch  1.30  0.2223  0.8913   5.326  5.141  4.562  4.193  3.801  2.974  2.367  2.159  0.764  0.579  0.369  0.761  1.588  2.195  2.403    0.536    0.523    0.544    0.540    0.501    0.350    0.268    0.234  5.171  4.582  4.119  3.830  0.590  0.463  0.751
Ch  1.30  0.2223  1.0000   5.491  5.280  4.662  4.275  3.868  3.030  2.418  2.211  0.829  0.618  0.387  0.794  1.632  2.244  2.451    0.619    0.591    0.592    0.578    0.529    0.366    0.279    0.244  5.315  4.683  4.198  3.899  0.632  0.485  0.784
Ch  1.30  0.2223  1.1220   5.666  5.428  4.772  4.368  3.948  3.097  2.481  2.274  0.894  0.656  0.404  0.825  1.675  2.292  2.498    0.723    0.673    0.651    0.626    0.566    0.387    0.294    0.256  5.467  4.794  4.289  3.979  0.673  0.505  0.814
Ch  1.30  0.2223  1.2589   5.827  5.555  4.859  4.434  3.997  3.137  2.514  2.309  0.968  0.696  0.425  0.862  1.722  2.345  2.550    0.833    0.751    0.700    0.660    0.588    0.398    0.301    0.263  5.598  4.881  4.352  4.029  0.717  0.529  0.852
Ch  1.30  0.2223  1.4125   5.980  5.652  4.893  4.429  3.954  3.076  2.435  2.232  1.087  0.759  0.464  0.938  1.816  2.457  2.661    0.952    0.814    0.717    0.653    0.561    0.374    0.278    0.243  5.702  4.915  4.341  3.989  0.787  0.574  0.926
Ch  1.30  0.2223  1.5849   6.166  5.795  4.982  4.477  3.927  2.882  2.161  1.922  1.185  0.813  0.505  1.055  2.100  2.821  3.060    1.118    0.920    0.771    0.675    0.541    0.309    0.214    0.181  5.852  5.005  4.385  3.963  0.847  0.620  1.042
Ch  1.30  0.2223  1.7783   6.377  6.040  5.253  4.764  4.243  3.330  2.656  2.445  1.124  0.787  0.489  1.010  1.923  2.597  2.808    1.343    1.139    0.978    0.869    0.717    0.462    0.333    0.289  6.093  5.276  4.674  4.280  0.817  0.603  0.996
Ch  1.30  0.2223  1.9953   6.553  6.196  5.390  4.891  4.360  3.454  2.781  2.573  1.163  0.806  0.499  1.030  1.936  2.609  2.817    1.566    1.305    1.101    0.969    0.792    0.514    0.371    0.323  6.252  5.413  4.799  4.398  0.838  0.614  1.016
Ch  1.30  0.2223  2.2387   6.725  6.339  5.509  4.998  4.456  3.546  2.871  2.665  1.216  0.830  0.511  1.054  1.963  2.638  2.844    1.823    1.479    1.220    1.063    0.859    0.556    0.400    0.349  6.398  5.533  4.905  4.494  0.865  0.628  1.039
Ch  1.30  0.2223  2.5119   6.905  6.491  5.641  5.120  4.563  3.637  2.955  2.747  1.264  0.850  0.522  1.078  2.004  2.687  2.894    2.137    1.690    1.369    1.180    0.942    0.600    0.429    0.374  6.553  5.665  5.026  4.602  0.888  0.640  1.063
Ch  1.30  0.2223  2.8184   7.085  6.637  5.764  5.231  4.663  3.726  3.039  2.832  1.321  0.873  0.533  1.101  2.038  2.725  2.932    2.505    1.920    1.522    1.299    1.025    0.647    0.461    0.402  6.702  5.788  5.135  4.702  0.914  0.653  1.086
Ch  1.30  0.2223  3.1623   7.264  6.770  5.869  5.323  4.746  3.808  3.121  2.915  1.395  0.901  0.546  1.123  2.061  2.748  2.953    2.934    2.157    1.666    1.405    1.100    0.693    0.494    0.431  6.839  5.894  5.226  4.786  0.946  0.668  1.107
Ch  1.30  0.2223  3.5481   7.422  6.886  5.960  5.403  4.816  3.860  3.166  2.957  1.462  0.926  0.557  1.144  2.100  2.794  3.003    3.371    2.383    1.800    1.502    1.166    0.722    0.511    0.445  6.959  5.985  5.305  4.857  0.974  0.680  1.128
Ch  1.30  0.2223  3.9811   7.580  7.018  6.078  5.515  4.920  3.937  3.235  3.021  1.501  0.939  0.564  1.158  2.141  2.843  3.057    3.876    2.675    1.995    1.655    1.275    0.771    0.542    0.469  7.093  6.103  5.416  4.961  0.989  0.688  1.143
Ch  1.30  0.2223  4.4668   7.712  7.126  6.174  5.605  5.009  4.039  3.341  3.131  1.538  0.952  0.569  1.165  2.136  2.834  3.044    4.354    2.939    2.166    1.788    1.375    0.842    0.594    0.516  7.203  6.199  5.505  5.050  1.004  0.694  1.150
Ch  1.30  0.2223  5.0119   7.779  7.210  6.269  5.704  5.112  4.141  3.444  3.234  1.510  0.941  0.565  1.157  2.128  2.825  3.035    4.601    3.156    2.349    1.947    1.502    0.919    0.649    0.564  7.286  6.294  5.605  5.152  0.991  0.689  1.142
Ch  1.30  0.2223  5.6234   7.924  7.332  6.378  5.806  5.207  4.228  3.528  3.316  1.546  0.954  0.572  1.171  2.151  2.850  3.062    5.228    3.508    2.582    2.126    1.631    0.989    0.697    0.605  7.409  6.403  5.707  5.248  1.006  0.697  1.155
Ch  1.30  0.2223  6.3096   8.092  7.477  6.512  5.934  5.328  4.339  3.636  3.423  1.579  0.965  0.578  1.185  2.173  2.876  3.089    6.066    3.988    2.905    2.378    1.812    1.090    0.765    0.664  7.556  6.538  5.834  5.369  1.018  0.704  1.168
Ch  1.30  0.2223  7.0795   8.234  7.597  6.622  6.039  5.429  4.424  3.717  3.501  1.612  0.975  0.583  1.193  2.198  2.905  3.121    6.886    4.434    3.199    2.608    1.979    1.174    0.821    0.710  7.678  6.648  5.938  5.470  1.030  0.709  1.177
Ch  1.30  0.2223  7.9433   8.380  7.714  6.725  6.136  5.519  4.501  3.788  3.569  1.655  0.989  0.590  1.206  2.225  2.937  3.157    7.838    4.913    3.502    2.836    2.140    1.253    0.872    0.751  7.797  6.751  6.034  5.561  1.046  0.717  1.190
Ch  1.30  0.2223  8.9125   8.526  7.829  6.827  6.231  5.610  4.591  3.879  3.661  1.698  1.002  0.596  1.218  2.236  2.948  3.167    8.916    5.435    3.827    3.082    2.316    1.355    0.944    0.814  7.914  6.853  6.129  5.652  1.061  0.724  1.201
Ch  1.30  0.2223 10.0000   8.662  7.940  6.927  6.324  5.698  4.681  3.970  3.754  1.736  1.013  0.602  1.228  2.246  2.956  3.173   10.065    5.989    4.173    3.342    2.500    1.465    1.021    0.883  8.027  6.953  6.222  5.741  1.074  0.731  1.212
Ch  1.30  0.2223 11.2202   8.812  8.054  7.023  6.412  5.778  4.751  4.037  3.818  1.789  1.030  0.611  1.245  2.272  2.987  3.205   11.495    6.619    4.540    3.607    2.679    1.555    1.081    0.932  8.144  7.050  6.309  5.822  1.094  0.741  1.228
Ch  1.30  0.2223 12.5893   8.974  8.176  7.129  6.509  5.868  4.827  4.108  3.888  1.845  1.048  0.620  1.261  2.302  3.020  3.241   13.285    7.379    4.981    3.926    2.896    1.660    1.149    0.989  8.270  7.155  6.405  5.912  1.114  0.750  1.244
Ch  1.30  0.2223 14.1254   9.134  8.300  7.237  6.610  5.964  4.923  4.205  3.985  1.897  1.063  0.627  1.274  2.315  3.033  3.252   15.328    8.234    5.481    4.290    3.150    1.806    1.250    1.078  8.396  7.264  6.506  6.009  1.132  0.759  1.256
Ch  1.30  0.2223 15.8489   9.296  8.432  7.357  6.723  6.068  5.012  4.290  4.068  1.939  1.075  0.634  1.289  2.345  3.067  3.289   17.726    9.257    6.094    4.737    3.452    1.953    1.347    1.158  8.530  7.384  6.617  6.113  1.146  0.767  1.271
Ch  1.30  0.2223 17.7828   9.448  8.558  7.474  6.833  6.171  5.102  4.377  4.153  1.974  1.084  0.641  1.303  2.371  3.096  3.320   20.302   10.354    6.757    5.221    3.779    2.113    1.453    1.248  8.658  7.501  6.727  6.217  1.157  0.774  1.284
