Kb  1.30 -2.2653  0.0300   1.0000  0.8736  0.8402  0.0334  0.1264    0.123    0.118    2.693      7.09362046
Kb  1.30 -2.2653  0.0400   1.0000  0.8617  0.8259  0.0358  0.1383    0.139    0.133    2.841      6.18675723
Kb  1.30 -2.2653  0.0500   1.0000  0.8528  0.8149  0.0379  0.1472    0.154    0.148    2.965      5.52007164
Kb  1.30 -2.2653  0.0600   1.0000  0.8460  0.8062  0.0398  0.1540    0.164    0.157    3.042      5.14431875
Kb  1.30 -2.2653  0.0700   1.0000  0.8404  0.7989  0.0415  0.1596    0.175    0.166    3.115      4.80776884
Kb  1.30 -2.2653  0.0800   1.0000  0.8358  0.7928  0.0430  0.1642    0.174    0.165    3.115      4.80997505
Kb  1.30 -2.2653  0.0900   1.0000  0.8317  0.7873  0.0444  0.1683    0.170    0.161    3.098      4.88248910
Kb  1.30 -2.2653  0.1000   1.0000  0.8281  0.7823  0.0458  0.1719    0.146    0.138    2.938      5.65847715
Kb  1.30 -2.2653  0.1500   1.0000  0.8077  0.7564  0.0513  0.1923    0.188    0.176    3.234      4.30779537
Kb  1.30 -2.2653  0.2000   1.0000  0.7961  0.7412  0.0549  0.2039    0.208    0.194    3.364      3.82147303
Kb  1.30 -2.2653  0.2500   1.0000  0.7868  0.7289  0.0579  0.2132    0.229    0.212    3.478      3.44301193
Kb  1.30 -2.2653  0.3000   1.0000  0.7793  0.7187  0.0606  0.2207    0.250    0.231    3.586      3.11477634
Kb  1.30 -2.2653  0.3500   1.0000  0.7730  0.7102  0.0628  0.2270    0.266    0.244    3.661      2.90930965
Kb  1.30 -2.2653  0.4000   1.0000  0.7675  0.7026  0.0649  0.2325    0.282    0.258    3.734      2.72012145
Kb  1.30 -2.2653  0.4500   1.0000  0.7627  0.6960  0.0667  0.2373    0.299    0.273    3.804      2.54850601
Kb  1.30 -2.2653  0.5000   1.0000  0.7584  0.6901  0.0684  0.2416    0.312    0.284    3.857      2.42711468
Kb  1.30 -2.2653  0.6000   1.0000  0.7512  0.6799  0.0713  0.2488    0.343    0.311    3.969      2.18959264
Kb  1.30 -2.2653  0.7000   1.0000  0.7453  0.6713  0.0740  0.2547    0.379    0.341    4.085      1.96782689
Kb  1.30 -2.2653  0.8000   1.0000  0.7402  0.6640  0.0763  0.2598    0.398    0.357    4.146      1.86010738
Kb  1.30 -2.2653  0.9000   1.0000  0.7353  0.6567  0.0786  0.2647    0.392    0.350    4.138      1.87448151
Kb  1.30 -2.2653  1.0000   1.0000  0.7303  0.6492  0.0811  0.2697    0.414    0.368    4.204      1.76431749
Kb  1.30 -2.2653  1.2500   1.0000  0.7214  0.6354  0.0860  0.2786    0.521    0.459    4.467      1.38436480
Kb  1.30 -2.2653  1.5000   1.0000  0.7148  0.6248  0.0900  0.2852    0.617    0.539    4.660      1.15897543
Kb  1.30 -2.2653  1.7500   1.0000  0.7100  0.6169  0.0932  0.2900    0.688    0.598    4.786      1.03214748
Kb  1.30 -2.2653  2.0000   1.0000  0.7060  0.6099  0.0960  0.2940    0.749    0.647    4.884      0.94294455
Kb  1.30 -2.2653  2.2500   1.0000  0.7024  0.6037  0.0987  0.2976    0.816    0.701    4.983      0.86074969
Kb  1.30 -2.2653  2.5000   1.0000  0.6994  0.5983  0.1011  0.3006    0.888    0.759    5.079      0.78792139
Kb  1.30 -2.2653  2.7500   1.0000  0.6967  0.5934  0.1033  0.3033    0.942    0.802    5.147      0.73978998
Kb  1.30 -2.2653  3.0000   1.0000  0.6943  0.5890  0.1053  0.3057    1.004    0.851    5.220      0.69175465
Kb  1.30 -2.2653  3.2500   1.0000  0.6921  0.5849  0.1072  0.3079    1.059    0.895    5.281      0.65378506
Kb  1.30 -2.2653  3.5000   1.0000  0.6902  0.5811  0.1091  0.3098    1.109    0.934    5.335      0.62218330
Kb  1.30 -2.2653  3.7500   1.0000  0.6884  0.5776  0.1108  0.3116    1.161    0.974    5.388      0.59289303
Kb  1.30 -2.2653  4.0000   1.0000  0.6867  0.5743  0.1124  0.3133    1.223    1.023    5.447      0.56138045
Kb  1.30 -2.2653  4.5000   1.0000  0.6837  0.5683  0.1154  0.3163    1.332    1.107    5.544      0.51332055
Kb  1.30 -2.2653  5.0000   1.0000  0.6812  0.5630  0.1182  0.3188    1.432    1.184    5.627      0.47558152
Kb  1.30 -2.2653  5.5000   1.0000  0.6789  0.5581  0.1208  0.3211    1.535    1.262    5.706      0.44220648
Kb  1.30 -2.2653  6.0000   1.0000  0.6769  0.5537  0.1232  0.3231    1.642    1.343    5.782      0.41217093
Kb  1.30 -2.2653  6.5000   1.0000  0.6751  0.5497  0.1254  0.3249    1.717    1.398    5.833      0.39329142
Kb  1.30 -2.2653  7.0000   1.0000  0.6735  0.5459  0.1276  0.3265    1.790    1.451    5.881      0.37627050
Kb  1.30 -2.2653  7.5000   1.0000  0.6720  0.5423  0.1297  0.3280    1.863    1.503    5.927      0.36076453
Kb  1.30 -2.2653  8.0000   1.0000  0.6706  0.5389  0.1317  0.3294    1.935    1.555    5.970      0.34657821
Kb  1.30 -2.2653  8.5000   1.0000  0.6694  0.5357  0.1338  0.3306    1.990    1.593    6.003      0.33633333
Kb  1.30 -2.2653  9.0000   1.0000  0.6683  0.5326  0.1357  0.3317    2.050    1.634    6.037      0.32595141
Kb  1.30 -2.2653  9.5000   1.0000  0.6672  0.5296  0.1376  0.3328    2.110    1.675    6.070      0.31618757
Kb  1.30 -2.2653 10.0000   1.0000  0.6662  0.5268  0.1395  0.3338    2.176    1.720    6.105      0.30623813
Kb  1.30 -2.2653 10.5000   1.0000  0.6653  0.5240  0.1412  0.3347    2.243    1.767    6.140      0.29656333
Kb  1.30 -2.2653 11.0000   1.0000  0.6628  0.5214  0.1414  0.3372    2.306    1.814    6.174      0.28745507
Kb  1.30 -2.2653 11.5000   1.0000  0.6603  0.5189  0.1414  0.3397    2.368    1.860    6.206      0.27888824
Kb  1.30 -2.2653 12.0000   1.0000  0.6578  0.5164  0.1414  0.3422    2.429    1.907    6.238      0.27077605
Kb  1.30 -2.2653 12.5000   1.0000  0.6553  0.5140  0.1412  0.3447    2.505    1.965    6.276      0.26162083
Kb  1.30 -2.2653 13.0000   1.0000  0.6528  0.5118  0.1410  0.3472    2.569    2.014    6.307      0.25413362
Kb  1.30 -2.2653 13.5000   1.0000  0.6503  0.5096  0.1407  0.3497    2.627    2.058    6.336      0.24760192
Kb  1.30 -2.2653 14.0000   1.0000  0.6479  0.5075  0.1404  0.3521    2.685    2.103    6.364      0.24125844
Kb  1.30 -1.7880  0.0300   1.0000  0.8729  0.8394  0.0335  0.1271    0.098    0.095    2.451      8.86466793
Kb  1.30 -1.7880  0.0400   1.0000  0.8609  0.8250  0.0359  0.1391    0.112    0.108    2.609      7.66458536
Kb  1.30 -1.7880  0.0500   1.0000  0.8521  0.8140  0.0381  0.1479    0.126    0.120    2.743      6.77592543
Kb  1.30 -1.7880  0.0600   1.0000  0.8451  0.8051  0.0400  0.1549    0.136    0.130    2.840      6.19392755
Kb  1.30 -1.7880  0.0700   1.0000  0.8395  0.7978  0.0417  0.1605    0.145    0.138    2.911      5.80096615
Kb  1.30 -1.7880  0.0800   1.0000  0.8348  0.7915  0.0433  0.1652    0.147    0.139    2.933      5.68792393
Kb  1.30 -1.7880  0.0900   1.0000  0.8307  0.7859  0.0448  0.1693    0.145    0.137    2.921      5.74718348
Kb  1.30 -1.7880  0.1000   1.0000  0.8268  0.7807  0.0461  0.1732    0.141    0.133    2.896      5.88178503
Kb  1.30 -1.7880  0.1500   1.0000  0.8086  0.7575  0.0511  0.1914    0.173    0.162    3.147      4.66677494
Kb  1.30 -1.7880  0.2000   1.0000  0.7971  0.7425  0.0545  0.2029    0.199    0.185    3.311      4.01368801
Kb  1.30 -1.7880  0.2500   1.0000  0.7880  0.7305  0.0575  0.2120    0.220    0.204    3.433      3.58701872
Kb  1.30 -1.7880  0.3000   1.0000  0.7806  0.7204  0.0601  0.2194    0.244    0.225    3.558      3.19653586
Kb  1.30 -1.7880  0.3500   1.0000  0.7744  0.7121  0.0624  0.2256    0.262    0.241    3.643      2.95605454
Kb  1.30 -1.7880  0.4000   1.0000  0.7690  0.7047  0.0643  0.2310    0.280    0.257    3.725      2.74205495
Kb  1.30 -1.7880  0.4500   1.0000  0.7642  0.6981  0.0661  0.2358    0.303    0.276    3.814      2.52523504
Kb  1.30 -1.7880  0.5000   1.0000  0.7601  0.6924  0.0677  0.2399    0.320    0.291    3.881      2.37555391
Kb  1.30 -1.7880  0.6000   1.0000  0.7529  0.6823  0.0706  0.2471    0.358    0.324    4.012      2.10537398
Kb  1.30 -1.7880  0.7000   1.0000  0.7470  0.6738  0.0732  0.2530    0.396    0.357    4.131      1.88603699
Kb  1.30 -1.7880  0.8000   1.0000  0.7420  0.6666  0.0754  0.2580    0.418    0.376    4.198      1.77298520
Kb  1.30 -1.7880  0.9000   1.0000  0.7375  0.6600  0.0775  0.2625    0.400    0.358    4.154      1.84598041
Kb  1.30 -1.7880  1.0000   1.0000  0.7323  0.6522  0.0801  0.2677    0.420    0.374    4.217      1.74229772
Kb  1.30 -1.7880  1.2500   1.0000  0.7225  0.6372  0.0853  0.2775    0.523    0.461    4.469      1.38185333
Kb  1.30 -1.7880  1.5000   1.0000  0.7156  0.6263  0.0894  0.2844    0.612    0.535    4.650      1.16977231
Kb  1.30 -1.7880  1.7500   1.0000  0.7107  0.6180  0.0927  0.2893    0.696    0.605    4.797      1.02141594
Kb  1.30 -1.7880  2.0000   1.0000  0.7066  0.6110  0.0955  0.2934    0.758    0.655    4.896      0.93241763
Kb  1.30 -1.7880  2.2500   1.0000  0.7030  0.6048  0.0982  0.2970    0.823    0.708    4.991      0.85463118
Kb  1.30 -1.7880  2.5000   1.0000  0.6999  0.5993  0.1006  0.3001    0.905    0.775    5.100      0.77295261
Kb  1.30 -1.7880  2.7500   1.0000  0.6972  0.5945  0.1027  0.3028    0.963    0.821    5.171      0.72384040
Kb  1.30 -1.7880  3.0000   1.0000  0.6948  0.5900  0.1048  0.3052    1.026    0.871    5.243      0.67751423
Kb  1.30 -1.7880  3.2500   1.0000  0.6926  0.5859  0.1067  0.3074    1.091    0.923    5.314      0.63467490
Kb  1.30 -1.7880  3.5000   1.0000  0.6907  0.5822  0.1085  0.3093    1.146    0.966    5.370      0.60249165
Kb  1.30 -1.7880  3.7500   1.0000  0.6889  0.5787  0.1102  0.3111    1.202    1.010    5.425      0.57291755
Kb  1.30 -1.7880  4.0000   1.0000  0.6872  0.5754  0.1118  0.3128    1.260    1.055    5.478      0.54533699
Kb  1.30 -1.7880  4.5000   1.0000  0.6842  0.5694  0.1148  0.3158    1.378    1.146    5.580      0.49666469
Kb  1.30 -1.7880  5.0000   1.0000  0.6817  0.5641  0.1176  0.3183    1.475    1.221    5.658      0.46204470
Kb  1.30 -1.7880  5.5000   1.0000  0.6794  0.5592  0.1202  0.3206    1.574    1.295    5.732      0.43168337
Kb  1.30 -1.7880  6.0000   1.0000  0.6774  0.5548  0.1226  0.3226    1.691    1.385    5.813      0.40056478
Kb  1.30 -1.7880  6.5000   1.0000  0.6756  0.5508  0.1248  0.3244    1.768    1.442    5.865      0.38202363
Kb  1.30 -1.7880  7.0000   1.0000  0.6739  0.5470  0.1270  0.3261    1.846    1.498    5.914      0.36516377
Kb  1.30 -1.7880  7.5000   1.0000  0.6724  0.5434  0.1290  0.3276    1.923    1.554    5.961      0.34972452
Kb  1.30 -1.7880  8.0000   1.0000  0.6711  0.5400  0.1311  0.3289    2.000    1.609    6.006      0.33552439
Kb  1.30 -1.7880  8.5000   1.0000  0.6698  0.5368  0.1330  0.3302    2.067    1.657    6.044      0.32403325
Kb  1.30 -1.7880  9.0000   1.0000  0.6687  0.5337  0.1350  0.3313    2.131    1.701    6.078      0.31378881
Kb  1.30 -1.7880  9.5000   1.0000  0.6677  0.5308  0.1369  0.3323    2.196    1.745    6.112      0.30409143
Kb  1.30 -1.7880 10.0000   1.0000  0.6666  0.5279  0.1387  0.3334    2.260    1.790    6.145      0.29500417
Kb  1.30 -1.7880 10.5000   1.0000  0.6657  0.5252  0.1404  0.3343    2.324    1.834    6.177      0.28646333
Kb  1.30 -1.7880 11.0000   1.0000  0.6632  0.5226  0.1406  0.3368    2.383    1.878    6.209      0.27824695
Kb  1.30 -1.7880 11.5000   1.0000  0.6607  0.5201  0.1406  0.3393    2.452    1.930    6.244      0.26950167
Kb  1.30 -1.7880 12.0000   1.0000  0.6583  0.5177  0.1406  0.3417    2.523    1.984    6.279      0.26086991
Kb  1.30 -1.7880 12.5000   1.0000  0.6558  0.5153  0.1405  0.3442    2.596    2.040    6.314      0.25263311
Kb  1.30 -1.7880 13.0000   1.0000  0.6549  0.5131  0.1418  0.3451    2.690    2.107    6.354      0.24345599
Kb  1.30 -1.7880 13.5000   1.0000  0.6524  0.5109  0.1415  0.3476    2.752    2.155    6.383      0.23706374
Kb  1.30 -1.7880 14.0000   1.0000  0.6500  0.5088  0.1412  0.3500    2.816    2.205    6.412      0.23078830
Kb  1.30 -1.4863  0.0300   1.0000  0.8726  0.8391  0.0335  0.1274    0.085    0.082    2.296     10.22784804
Kb  1.30 -1.4863  0.0400   1.0000  0.8606  0.8246  0.0360  0.1394    0.097    0.093    2.455      8.83362636
Kb  1.30 -1.4863  0.0500   1.0000  0.8517  0.8136  0.0382  0.1483    0.110    0.105    2.597      7.74841087
Kb  1.30 -1.4863  0.0600   1.0000  0.8448  0.8046  0.0401  0.1552    0.120    0.115    2.705      7.01689418
Kb  1.30 -1.4863  0.0700   1.0000  0.8392  0.7973  0.0419  0.1608    0.129    0.123    2.788      6.50053481
Kb  1.30 -1.4863  0.0800   1.0000  0.8344  0.7910  0.0434  0.1656    0.133    0.126    2.830      6.25374154
Kb  1.30 -1.4863  0.0900   1.0000  0.8302  0.7853  0.0450  0.1698    0.136    0.128    2.852      6.12562589
Kb  1.30 -1.4863  0.1000   1.0000  0.8263  0.7800  0.0462  0.1737    0.138    0.130    2.877      5.98782378
Kb  1.30 -1.4863  0.1500   1.0000  0.8092  0.7583  0.0509  0.1908    0.168    0.158    3.115      4.80660401
Kb  1.30 -1.4863  0.2000   1.0000  0.7977  0.7434  0.0543  0.2023    0.196    0.182    3.295      4.07487843
Kb  1.30 -1.4863  0.2500   1.0000  0.7888  0.7315  0.0573  0.2112    0.220    0.204    3.432      3.59140116
Kb  1.30 -1.4863  0.3000   1.0000  0.7814  0.7215  0.0599  0.2186    0.249    0.230    3.577      3.14283329
Kb  1.30 -1.4863  0.3500   1.0000  0.7753  0.7133  0.0620  0.2247    0.270    0.248    3.674      2.87338605
Kb  1.30 -1.4863  0.4000   1.0000  0.7700  0.7061  0.0639  0.2300    0.291    0.267    3.764      2.64567128
Kb  1.30 -1.4863  0.4500   1.0000  0.7653  0.6996  0.0657  0.2347    0.313    0.286    3.850      2.44270100
Kb  1.30 -1.4863  0.5000   1.0000  0.7612  0.6939  0.0673  0.2388    0.334    0.304    3.926      2.27898708
Kb  1.30 -1.4863  0.6000   1.0000  0.7541  0.6841  0.0701  0.2459    0.372    0.338    4.053      2.02618102
Kb  1.30 -1.4863  0.7000   1.0000  0.7483  0.6757  0.0726  0.2517    0.409    0.369    4.164      1.82900761
Kb  1.30 -1.4863  0.8000   1.0000  0.7433  0.6685  0.0748  0.2567    0.441    0.397    4.254      1.68472773
Kb  1.30 -1.4863  0.9000   1.0000  0.7390  0.6622  0.0768  0.2610    0.442    0.396    4.263      1.67077462
Kb  1.30 -1.4863  1.0000   1.0000  0.7342  0.6551  0.0791  0.2658    0.437    0.390    4.257      1.67989101
Kb  1.30 -1.4863  1.2500   1.0000  0.7239  0.6394  0.0845  0.2761    0.535    0.472    4.491      1.35408301
Kb  1.30 -1.4863  1.5000   1.0000  0.7168  0.6282  0.0886  0.2832    0.609    0.533    4.643      1.17743660
Kb  1.30 -1.4863  1.7500   1.0000  0.7116  0.6195  0.0920  0.2884    0.711    0.619    4.820      1.00021650
Kb  1.30 -1.4863  2.0000   1.0000  0.7074  0.6125  0.0949  0.2926    0.773    0.669    4.916      0.91506145
Kb  1.30 -1.4863  2.2500   1.0000  0.7038  0.6062  0.0976  0.2962    0.838    0.722    5.010      0.83973643
Kb  1.30 -1.4863  2.5000   1.0000  0.7006  0.6005  0.1000  0.2994    0.932    0.799    5.130      0.75177995
Kb  1.30 -1.4863  2.7500   1.0000  0.6979  0.5957  0.1022  0.3021    0.993    0.848    5.203      0.70269121
Kb  1.30 -1.4863  3.0000   1.0000  0.6955  0.5912  0.1042  0.3045    1.057    0.899    5.275      0.65782119
Kb  1.30 -1.4863  3.2500   1.0000  0.6933  0.5871  0.1061  0.3067    1.131    0.958    5.352      0.61280434
Kb  1.30 -1.4863  3.5000   1.0000  0.6913  0.5834  0.1079  0.3087    1.187    1.002    5.407      0.58239419
Kb  1.30 -1.4863  3.7500   1.0000  0.6895  0.5799  0.1096  0.3105    1.243    1.046    5.460      0.55458107
Kb  1.30 -1.4863  4.0000   1.0000  0.6878  0.5766  0.1112  0.3122    1.301    1.090    5.512      0.52887406
Kb  1.30 -1.4863  4.5000   1.0000  0.6848  0.5707  0.1142  0.3152    1.427    1.189    5.617      0.47989527
Kb  1.30 -1.4863  5.0000   1.0000  0.6823  0.5653  0.1169  0.3177    1.530    1.267    5.696      0.44607702
Kb  1.30 -1.4863  5.5000   1.0000  0.6800  0.5605  0.1195  0.3200    1.633    1.346    5.771      0.41635800
Kb  1.30 -1.4863  6.0000   1.0000  0.6780  0.5561  0.1219  0.3220    1.764    1.447    5.858      0.38433405
Kb  1.30 -1.4863  6.5000   1.0000  0.6762  0.5521  0.1241  0.3238    1.844    1.506    5.909      0.36665411
Kb  1.30 -1.4863  7.0000   1.0000  0.6745  0.5483  0.1262  0.3255    1.924    1.564    5.958      0.35059366
Kb  1.30 -1.4863  7.5000   1.0000  0.6730  0.5448  0.1282  0.3270    2.004    1.622    6.004      0.33590772
Kb  1.30 -1.4863  8.0000   1.0000  0.6716  0.5415  0.1302  0.3284    2.083    1.680    6.049      0.32237530
Kb  1.30 -1.4863  8.5000   1.0000  0.6704  0.5383  0.1321  0.3296    2.163    1.736    6.092      0.30997706
Kb  1.30 -1.4863  9.0000   1.0000  0.6693  0.5352  0.1340  0.3307    2.222    1.777    6.123      0.30121459
Kb  1.30 -1.4863  9.5000   1.0000  0.6682  0.5323  0.1359  0.3318    2.288    1.823    6.156      0.29204198
Kb  1.30 -1.4863 10.0000   1.0000  0.6672  0.5295  0.1377  0.3328    2.357    1.870    6.190      0.28310863
Kb  1.30 -1.4863 10.5000   1.0000  0.6662  0.5268  0.1394  0.3338    2.425    1.918    6.223      0.27469368
Kb  1.30 -1.4863 11.0000   1.0000  0.6653  0.5242  0.1411  0.3347    2.494    1.965    6.255      0.26678435
Kb  1.30 -1.4863 11.5000   1.0000  0.6629  0.5217  0.1412  0.3371    2.557    2.012    6.286      0.25927927
Kb  1.30 -1.4863 12.0000   1.0000  0.6604  0.5193  0.1411  0.3396    2.626    2.065    6.319      0.25144798
Kb  1.30 -1.4863 12.5000   1.0000  0.6580  0.5170  0.1410  0.3420    2.703    2.123    6.354      0.24345700
Kb  1.30 -1.4863 13.0000   1.0000  0.6555  0.5147  0.1408  0.3445    2.781    2.183    6.389      0.23574356
Kb  1.30 -1.4863 13.5000   1.0000  0.6531  0.5125  0.1406  0.3469    2.870    2.252    6.427      0.22754545
Kb  1.30 -1.4863 14.0000   1.0000  0.6522  0.5104  0.1418  0.3478    2.951    2.309    6.459      0.22105235
Kb  1.30 -1.2642  0.0300   1.0000  0.8726  0.8391  0.0335  0.1274    0.076    0.073    2.167     11.51169264
Kb  1.30 -1.2642  0.0400   1.0000  0.8606  0.8245  0.0360  0.1394    0.088    0.084    2.342      9.79748325
Kb  1.30 -1.2642  0.0500   1.0000  0.8517  0.8135  0.0382  0.1483    0.101    0.096    2.501      8.46299871
Kb  1.30 -1.2642  0.0600   1.0000  0.8447  0.8045  0.0401  0.1553    0.111    0.106    2.619      7.59020686
Kb  1.30 -1.2642  0.0700   1.0000  0.8391  0.7972  0.0419  0.1609    0.121    0.115    2.716      6.94296504
Kb  1.30 -1.2642  0.0800   1.0000  0.8343  0.7909  0.0435  0.1657    0.127    0.120    2.773      6.58811736
Kb  1.30 -1.2642  0.0900   1.0000  0.8302  0.7852  0.0450  0.1698    0.132    0.125    2.822      6.29616524
Kb  1.30 -1.2642  0.1000   1.0000  0.8262  0.7800  0.0462  0.1738    0.137    0.129    2.869      6.02866539
Kb  1.30 -1.2642  0.1500   1.0000  0.8099  0.7592  0.0507  0.1901    0.169    0.159    3.120      4.78687675
Kb  1.30 -1.2642  0.2000   1.0000  0.7986  0.7445  0.0541  0.2014    0.200    0.187    3.319      3.98472865
Kb  1.30 -1.2642  0.2500   1.0000  0.7897  0.7327  0.0570  0.2103    0.227    0.210    3.465      3.48360235
Kb  1.30 -1.2642  0.3000   1.0000  0.7824  0.7228  0.0595  0.2176    0.255    0.235    3.602      3.06989613
Kb  1.30 -1.2642  0.3500   1.0000  0.7764  0.7148  0.0616  0.2236    0.278    0.255    3.703      2.79752177
Kb  1.30 -1.2642  0.4000   1.0000  0.7711  0.7076  0.0635  0.2289    0.299    0.274    3.790      2.58242654
Kb  1.30 -1.2642  0.4500   1.0000  0.7665  0.7012  0.0653  0.2335    0.321    0.294    3.875      2.38799309
Kb  1.30 -1.2642  0.5000   1.0000  0.7624  0.6956  0.0668  0.2376    0.343    0.313    3.952      2.22368055
Kb  1.30 -1.2642  0.6000   1.0000  0.7555  0.6859  0.0695  0.2445    0.383    0.348    4.084      1.97059071
Kb  1.30 -1.2642  0.7000   1.0000  0.7498  0.6778  0.0720  0.2502    0.423    0.382    4.199      1.77249205
Kb  1.30 -1.2642  0.8000   1.0000  0.7449  0.6708  0.0741  0.2551    0.463    0.417    4.304      1.60905657
Kb  1.30 -1.2642  0.9000   1.0000  0.7406  0.6645  0.0761  0.2594    0.476    0.427    4.339      1.55740471
Kb  1.30 -1.2642  1.0000   1.0000  0.7364  0.6583  0.0780  0.2636    0.457    0.409    4.302      1.61089019
Kb  1.30 -1.2642  1.2500   1.0000  0.7254  0.6417  0.0837  0.2746    0.560    0.495    4.538      1.29625327
Kb  1.30 -1.2642  1.5000   1.0000  0.7182  0.6304  0.0878  0.2818    0.618    0.542    4.656      1.16267534
Kb  1.30 -1.2642  1.7500   1.0000  0.7127  0.6214  0.0913  0.2873    0.732    0.638    4.849      0.97341006
Kb  1.30 -1.2642  2.0000   1.0000  0.7085  0.6143  0.0942  0.2915    0.795    0.690    4.946      0.89063910
Kb  1.30 -1.2642  2.2500   1.0000  0.7048  0.6080  0.0968  0.2952    0.864    0.745    5.041      0.81592072
Kb  1.30 -1.2642  2.5000   1.0000  0.7015  0.6023  0.0993  0.2985    0.958    0.822    5.158      0.73236069
Kb  1.30 -1.2642  2.7500   1.0000  0.6988  0.5974  0.1014  0.3012    1.032    0.882    5.244      0.67699751
Kb  1.30 -1.2642  3.0000   1.0000  0.6964  0.5930  0.1034  0.3036    1.096    0.933    5.312      0.63554889
Kb  1.30 -1.2642  3.2500   1.0000  0.6942  0.5888  0.1053  0.3058    1.170    0.993    5.387      0.59307745
Kb  1.30 -1.2642  3.5000   1.0000  0.6922  0.5851  0.1071  0.3078    1.235    1.044    5.449      0.56026129
Kb  1.30 -1.2642  3.7500   1.0000  0.6904  0.5816  0.1087  0.3096    1.295    1.091    5.503      0.53321937
Kb  1.30 -1.2642  4.0000   1.0000  0.6887  0.5784  0.1103  0.3113    1.355    1.138    5.555      0.50826248
Kb  1.30 -1.2642  4.5000   1.0000  0.6857  0.5724  0.1133  0.3143    1.494    1.247    5.666      0.45895530
Kb  1.30 -1.2642  5.0000   1.0000  0.6831  0.5672  0.1160  0.3169    1.600    1.329    5.744      0.42686855
Kb  1.30 -1.2642  5.5000   1.0000  0.6809  0.5624  0.1185  0.3191    1.707    1.410    5.818      0.39888908
Kb  1.30 -1.2642  6.0000   1.0000  0.6788  0.5580  0.1209  0.3212    1.817    1.493    5.889      0.37359095
Kb  1.30 -1.2642  6.5000   1.0000  0.6770  0.5540  0.1231  0.3230    1.931    1.580    5.958      0.35052132
Kb  1.30 -1.2642  7.0000   1.0000  0.6754  0.5502  0.1251  0.3246    2.015    1.642    6.007      0.33509078
Kb  1.30 -1.2642  7.5000   1.0000  0.6738  0.5467  0.1271  0.3262    2.100    1.704    6.054      0.32085351
Kb  1.30 -1.2642  8.0000   1.0000  0.6724  0.5434  0.1290  0.3276    2.186    1.767    6.100      0.30761693
Kb  1.30 -1.2642  8.5000   1.0000  0.6712  0.5403  0.1309  0.3288    2.273    1.830    6.145      0.29522687
Kb  1.30 -1.2642  9.0000   1.0000  0.6700  0.5372  0.1328  0.3300    2.355    1.888    6.185      0.28450131
Kb  1.30 -1.2642  9.5000   1.0000  0.6689  0.5344  0.1346  0.3311    2.421    1.934    6.216      0.27634627
Kb  1.30 -1.2642 10.0000   1.0000  0.6679  0.5316  0.1363  0.3321    2.490    1.982    6.249      0.26821901
Kb  1.30 -1.2642 10.5000   1.0000  0.6670  0.5289  0.1380  0.3330    2.563    2.032    6.281      0.26025828
Kb  1.30 -1.2642 11.0000   1.0000  0.6661  0.5264  0.1397  0.3339    2.636    2.083    6.314      0.25267657
Kb  1.30 -1.2642 11.5000   1.0000  0.6652  0.5239  0.1413  0.3348    2.709    2.134    6.345      0.24555661
Kb  1.30 -1.2642 12.0000   1.0000  0.6628  0.5215  0.1413  0.3372    2.775    2.184    6.375      0.23882165
Kb  1.30 -1.2642 12.5000   1.0000  0.6604  0.5192  0.1412  0.3396    2.846    2.238    6.406      0.23201506
Kb  1.30 -1.2642 13.0000   1.0000  0.6580  0.5170  0.1410  0.3420    2.925    2.298    6.440      0.22494151
Kb  1.30 -1.2642 13.5000   1.0000  0.6556  0.5148  0.1407  0.3444    3.006    2.360    6.473      0.21812571
Kb  1.30 -1.2642 14.0000   1.0000  0.6532  0.5128  0.1404  0.3468    3.100    2.433    6.511      0.21071228
Kb  1.30 -0.9614  0.0300   1.0000  0.8726  0.8391  0.0335  0.1274    0.067    0.064    2.028     13.08644721
Kb  1.30 -0.9614  0.0400   1.0000  0.8606  0.8246  0.0360  0.1394    0.080    0.077    2.241     10.75697067
Kb  1.30 -0.9614  0.0500   1.0000  0.8518  0.8136  0.0382  0.1482    0.094    0.090    2.431      9.02913718
Kb  1.30 -0.9614  0.0600   1.0000  0.8448  0.8047  0.0401  0.1552    0.107    0.102    2.579      7.87543393
Kb  1.30 -0.9614  0.0700   1.0000  0.8392  0.7973  0.0418  0.1608    0.120    0.114    2.709      6.98574875
Kb  1.30 -0.9614  0.0800   1.0000  0.8344  0.7910  0.0434  0.1656    0.129    0.122    2.794      6.46014066
Kb  1.30 -0.9614  0.0900   1.0000  0.8303  0.7853  0.0449  0.1697    0.140    0.132    2.886      5.93906826
Kb  1.30 -0.9614  0.1000   1.0000  0.8265  0.7803  0.0462  0.1735    0.151    0.143    2.976      5.46504311
Kb  1.30 -0.9614  0.1500   1.0000  0.8116  0.7613  0.0502  0.1884    0.185    0.174    3.217      4.37638014
Kb  1.30 -0.9614  0.2000   1.0000  0.8004  0.7468  0.0535  0.1996    0.209    0.195    3.360      3.83679268
Kb  1.30 -0.9614  0.2500   1.0000  0.7914  0.7350  0.0564  0.2086    0.233    0.217    3.494      3.39199926
Kb  1.30 -0.9614  0.3000   1.0000  0.7840  0.7251  0.0589  0.2160    0.263    0.243    3.633      2.98455381
Kb  1.30 -0.9614  0.3500   1.0000  0.7781  0.7171  0.0610  0.2219    0.291    0.268    3.753      2.67286107
Kb  1.30 -0.9614  0.4000   1.0000  0.7731  0.7103  0.0628  0.2269    0.313    0.287    3.838      2.47139559
Kb  1.30 -0.9614  0.4500   1.0000  0.7687  0.7042  0.0644  0.2313    0.335    0.307    3.918      2.29425306
Kb  1.30 -0.9614  0.5000   1.0000  0.7647  0.6987  0.0659  0.2353    0.361    0.330    4.006      2.11560993
Kb  1.30 -0.9614  0.6000   1.0000  0.7581  0.6896  0.0685  0.2419    0.408    0.371    4.147      1.85918025
Kb  1.30 -0.9614  0.7000   1.0000  0.7526  0.6819  0.0707  0.2474    0.453    0.411    4.269      1.66059571
Kb  1.30 -0.9614  0.8000   1.0000  0.7478  0.6751  0.0728  0.2522    0.494    0.446    4.370      1.51351254
Kb  1.30 -0.9614  0.9000   1.0000  0.7436  0.6689  0.0747  0.2564    0.526    0.473    4.444      1.41447151
Kb  1.30 -0.9614  1.0000   1.0000  0.7397  0.6633  0.0765  0.2603    0.529    0.475    4.457      1.39750377
Kb  1.30 -0.9614  1.2500   1.0000  0.7287  0.6469  0.0819  0.2713    0.570    0.506    4.553      1.27871511
Kb  1.30 -0.9614  1.5000   1.0000  0.7209  0.6347  0.0862  0.2791    0.668    0.588    4.737      1.07959316
Kb  1.30 -0.9614  1.7500   1.0000  0.7148  0.6249  0.0899  0.2852    0.781    0.683    4.917      0.91488692
Kb  1.30 -0.9614  2.0000   1.0000  0.7106  0.6179  0.0927  0.2894    0.868    0.755    5.037      0.81884926
Kb  1.30 -0.9614  2.2500   1.0000  0.7069  0.6116  0.0953  0.2931    0.938    0.812    5.127      0.75341117
Kb  1.30 -0.9614  2.5000   1.0000  0.7037  0.6060  0.0976  0.2963    1.011    0.871    5.214      0.69571345
Kb  1.30 -0.9614  2.7500   1.0000  0.7008  0.6009  0.0999  0.2992    1.120    0.961    5.329      0.62554051
Kb  1.30 -0.9614  3.0000   1.0000  0.6983  0.5965  0.1018  0.3017    1.188    1.015    5.397      0.58784176
Kb  1.30 -0.9614  3.2500   1.0000  0.6961  0.5925  0.1036  0.3039    1.258    1.071    5.463      0.55331515
Kb  1.30 -0.9614  3.5000   1.0000  0.6941  0.5887  0.1054  0.3059    1.341    1.138    5.535      0.51744018
Kb  1.30 -0.9614  3.7500   1.0000  0.6923  0.5853  0.1070  0.3077    1.410    1.192    5.592      0.49102560
Kb  1.30 -0.9614  4.0000   1.0000  0.6906  0.5821  0.1085  0.3094    1.472    1.241    5.642      0.46908102
Kb  1.30 -0.9614  4.5000   1.0000  0.6876  0.5761  0.1114  0.3124    1.600    1.341    5.737      0.42972535
Kb  1.30 -0.9614  5.0000   1.0000  0.6850  0.5709  0.1141  0.3150    1.745    1.454    5.835      0.39261179
Kb  1.30 -0.9614  5.5000   1.0000  0.6827  0.5662  0.1165  0.3173    1.859    1.542    5.908      0.36712685
Kb  1.30 -0.9614  6.0000   1.0000  0.6806  0.5618  0.1188  0.3194    1.976    1.631    5.977      0.34450311
Kb  1.30 -0.9614  6.5000   1.0000  0.6788  0.5578  0.1209  0.3212    2.097    1.723    6.045      0.32371956
Kb  1.30 -0.9614  7.0000   1.0000  0.6771  0.5541  0.1230  0.3229    2.214    1.812    6.106      0.30583830
Kb  1.30 -0.9614  7.5000   1.0000  0.6756  0.5507  0.1249  0.3244    2.304    1.878    6.152      0.29320831
Kb  1.30 -0.9614  8.0000   1.0000  0.6741  0.5474  0.1267  0.3259    2.394    1.944    6.196      0.28159277
Kb  1.30 -0.9614  8.5000   1.0000  0.6728  0.5443  0.1285  0.3272    2.484    2.010    6.238      0.27082513
Kb  1.30 -0.9614  9.0000   1.0000  0.6716  0.5414  0.1302  0.3284    2.575    2.076    6.279      0.26076865
Kb  1.30 -0.9614  9.5000   1.0000  0.6705  0.5385  0.1320  0.3295    2.668    2.143    6.319      0.25134670
Kb  1.30 -0.9614 10.0000   1.0000  0.6695  0.5358  0.1337  0.3305    2.746    2.198    6.352      0.24381226
Kb  1.30 -0.9614 10.5000   1.0000  0.6685  0.5332  0.1353  0.3315    2.817    2.247    6.382      0.23729069
Kb  1.30 -0.9614 11.0000   1.0000  0.6676  0.5307  0.1369  0.3324    2.893    2.300    6.412      0.23073651
Kb  1.30 -0.9614 11.5000   1.0000  0.6667  0.5283  0.1384  0.3333    2.973    2.356    6.443      0.22425548
Kb  1.30 -0.9614 12.0000   1.0000  0.6659  0.5260  0.1399  0.3341    3.056    2.414    6.474      0.21791758
Kb  1.30 -0.9614 12.5000   1.0000  0.6651  0.5237  0.1414  0.3349    3.139    2.471    6.505      0.21191429
Kb  1.30 -0.9614 13.0000   1.0000  0.6628  0.5216  0.1412  0.3372    3.214    2.529    6.534      0.20620749
Kb  1.30 -0.9614 13.5000   1.0000  0.6605  0.5194  0.1410  0.3395    3.294    2.591    6.565      0.20049620
Kb  1.30 -0.9614 14.0000   1.0000  0.6581  0.5174  0.1407  0.3419    3.383    2.660    6.597      0.19454748
Kb  1.30 -0.6575  0.0300   1.0000  0.8727  0.8392  0.0335  0.1273    0.079    0.076    2.216     11.00181799
Kb  1.30 -0.6575  0.0400   1.0000  0.8609  0.8249  0.0360  0.1391    0.095    0.091    2.428      9.05591176
Kb  1.30 -0.6575  0.0500   1.0000  0.8521  0.8141  0.0381  0.1479    0.110    0.105    2.601      7.72290060
Kb  1.30 -0.6575  0.0600   1.0000  0.8453  0.8053  0.0400  0.1547    0.123    0.117    2.729      6.86064604
Kb  1.30 -0.6575  0.0700   1.0000  0.8397  0.7981  0.0417  0.1603    0.136    0.129    2.840      6.19463081
Kb  1.30 -0.6575  0.0800   1.0000  0.8351  0.7918  0.0432  0.1649    0.145    0.137    2.917      5.77084823
Kb  1.30 -0.6575  0.0900   1.0000  0.8309  0.7862  0.0447  0.1691    0.155    0.147    2.998      5.35636090
Kb  1.30 -0.6575  0.1000   1.0000  0.8272  0.7813  0.0460  0.1728    0.166    0.157    3.078      4.97284682
Kb  1.30 -0.6575  0.1500   1.0000  0.8124  0.7625  0.0499  0.1876    0.199    0.187    3.292      4.08574903
Kb  1.30 -0.6575  0.2000   1.0000  0.8018  0.7488  0.0531  0.1982    0.225    0.210    3.439      3.56799773
Kb  1.30 -0.6575  0.2500   1.0000  0.7935  0.7379  0.0557  0.2065    0.250    0.233    3.568      3.16790660
Kb  1.30 -0.6575  0.3000   1.0000  0.7867  0.7287  0.0580  0.2133    0.278    0.258    3.691      2.82757835
Kb  1.30 -0.6575  0.3500   1.0000  0.7809  0.7209  0.0600  0.2191    0.311    0.287    3.821      2.51011323
Kb  1.30 -0.6575  0.4000   1.0000  0.7763  0.7147  0.0617  0.2237    0.337    0.311    3.915      2.30053236
Kb  1.30 -0.6575  0.4500   1.0000  0.7722  0.7090  0.0631  0.2278    0.364    0.335    4.004      2.11933906
Kb  1.30 -0.6575  0.5000   1.0000  0.7684  0.7039  0.0645  0.2316    0.392    0.359    4.088      1.96224866
Kb  1.30 -0.6575  0.6000   1.0000  0.7620  0.6951  0.0669  0.2380    0.444    0.405    4.232      1.71803654
Kb  1.30 -0.6575  0.7000   1.0000  0.7566  0.6876  0.0691  0.2434    0.489    0.444    4.346      1.54804610
Kb  1.30 -0.6575  0.8000   1.0000  0.7519  0.6809  0.0710  0.2481    0.532    0.482    4.444      1.41335908
Kb  1.30 -0.6575  0.9000   1.0000  0.7477  0.6749  0.0728  0.2523    0.572    0.516    4.529      1.30683673
Kb  1.30 -0.6575  1.0000   1.0000  0.7438  0.6693  0.0746  0.2562    0.603    0.542    4.591      1.23426191
Kb  1.30 -0.6575  1.2500   1.0000  0.7343  0.6552  0.0791  0.2657    0.597    0.533    4.596      1.22906459
Kb  1.30 -0.6575  1.5000   1.0000  0.7246  0.6405  0.0841  0.2754    0.756    0.668    4.866      0.95892919
Kb  1.30 -0.6575  1.7500   1.0000  0.7187  0.6312  0.0875  0.2813    0.837    0.735    4.986      0.85840792
Kb  1.30 -0.6575  2.0000   1.0000  0.7138  0.6232  0.0905  0.2862    0.991    0.865    5.176      0.72011322
Kb  1.30 -0.6575  2.2500   1.0000  0.7102  0.6173  0.0929  0.2898    1.069    0.929    5.264      0.66423934
Kb  1.30 -0.6575  2.5000   1.0000  0.7070  0.6119  0.0952  0.2930    1.149    0.995    5.348      0.61516156
Kb  1.30 -0.6575  2.7500   1.0000  0.7042  0.6069  0.0973  0.2958    1.230    1.060    5.426      0.57238971
Kb  1.30 -0.6575  3.0000   1.0000  0.7016  0.6023  0.0992  0.2984    1.327    1.140    5.512      0.52853888
Kb  1.30 -0.6575  3.2500   1.0000  0.6993  0.5983  0.1010  0.3007    1.416    1.211    5.586      0.49399550
Kb  1.30 -0.6575  3.5000   1.0000  0.6973  0.5946  0.1026  0.3027    1.494    1.274    5.648      0.46656721
Kb  1.30 -0.6575  3.7500   1.0000  0.6954  0.5912  0.1042  0.3046    1.574    1.338    5.707      0.44182848
Kb  1.30 -0.6575  4.0000   1.0000  0.6937  0.5879  0.1057  0.3063    1.677    1.422    5.779      0.41356805
Kb  1.30 -0.6575  4.5000   1.0000  0.6906  0.5822  0.1085  0.3094    1.819    1.533    5.871      0.37977666
Kb  1.30 -0.6575  5.0000   1.0000  0.6880  0.5770  0.1110  0.3120    1.962    1.646    5.958      0.35062492
Kb  1.30 -0.6575  5.5000   1.0000  0.6856  0.5723  0.1134  0.3144    2.133    1.780    6.052      0.32146264
Kb  1.30 -0.6575  6.0000   1.0000  0.6836  0.5681  0.1155  0.3164    2.261    1.879    6.119      0.30228749
Kb  1.30 -0.6575  6.5000   1.0000  0.6817  0.5642  0.1175  0.3183    2.391    1.978    6.182      0.28516929
Kb  1.30 -0.6575  7.0000   1.0000  0.6800  0.5605  0.1195  0.3200    2.521    2.078    6.243      0.26973903
Kb  1.30 -0.6575  7.5000   1.0000  0.6785  0.5571  0.1213  0.3215    2.660    2.185    6.304      0.25501213
Kb  1.30 -0.6575  8.0000   1.0000  0.6770  0.5540  0.1230  0.3230    2.770    2.266    6.350      0.24443263
Kb  1.30 -0.6575  8.5000   1.0000  0.6757  0.5510  0.1247  0.3243    2.871    2.341    6.391      0.23535260
Kb  1.30 -0.6575  9.0000   1.0000  0.6744  0.5481  0.1263  0.3256    2.972    2.415    6.430      0.22691867
Kb  1.30 -0.6575  9.5000   1.0000  0.6732  0.5454  0.1279  0.3268    3.074    2.490    6.469      0.21904267
Kb  1.30 -0.6575 10.0000   1.0000  0.6721  0.5427  0.1294  0.3279    3.176    2.564    6.506      0.21165095
Kb  1.30 -0.6575 10.5000   1.0000  0.6711  0.5402  0.1309  0.3289    3.279    2.639    6.542      0.20468730
Kb  1.30 -0.6575 11.0000   1.0000  0.6702  0.5378  0.1324  0.3298    3.381    2.713    6.577      0.19820082
Kb  1.30 -0.6575 11.5000   1.0000  0.6693  0.5355  0.1339  0.3307    3.473    2.779    6.608      0.19271904
Kb  1.30 -0.6575 12.0000   1.0000  0.6685  0.5332  0.1353  0.3315    3.564    2.842    6.637      0.18759256
Kb  1.30 -0.6575 12.5000   1.0000  0.6677  0.5311  0.1367  0.3323    3.655    2.907    6.666      0.18268941
Kb  1.30 -0.6575 13.0000   1.0000  0.6670  0.5289  0.1380  0.3330    3.747    2.972    6.694      0.17799561
Kb  1.30 -0.6575 13.5000   1.0000  0.6663  0.5269  0.1394  0.3337    3.839    3.036    6.722      0.17353871
Kb  1.30 -0.6575 14.0000   1.0000  0.6656  0.5249  0.1406  0.3344    3.904    3.079    6.741      0.17045926
Kb  1.30 -0.3512  0.0300   1.0000  0.8729  0.8394  0.0335  0.1271    0.084    0.081    2.283     10.34691133
Kb  1.30 -0.3512  0.0400   1.0000  0.8614  0.8255  0.0358  0.1386    0.095    0.091    2.430      9.03374870
Kb  1.30 -0.3512  0.0500   1.0000  0.8528  0.8149  0.0379  0.1472    0.110    0.106    2.601      7.71937006
Kb  1.30 -0.3512  0.0600   1.0000  0.8461  0.8064  0.0397  0.1539    0.122    0.116    2.717      6.93843646
Kb  1.30 -0.3512  0.0700   1.0000  0.8407  0.7993  0.0414  0.1593    0.134    0.128    2.830      6.25384752
Kb  1.30 -0.3512  0.0800   1.0000  0.8361  0.7933  0.0428  0.1639    0.143    0.136    2.906      5.82747147
Kb  1.30 -0.3512  0.0900   1.0000  0.8321  0.7878  0.0443  0.1679    0.153    0.145    2.979      5.44922151
Kb  1.30 -0.3512  0.1000   1.0000  0.8285  0.7829  0.0456  0.1715    0.164    0.155    3.063      5.04299925
Kb  1.30 -0.3512  0.1500   1.0000  0.8145  0.7649  0.0496  0.1855    0.202    0.189    3.304      4.04100056
Kb  1.30 -0.3512  0.2000   1.0000  0.8047  0.7519  0.0528  0.1953    0.238    0.223    3.498      3.37765274
Kb  1.30 -0.3512  0.2500   1.0000  0.7974  0.7420  0.0554  0.2026    0.271    0.252    3.647      2.94514339
Kb  1.30 -0.3512  0.3000   1.0000  0.7914  0.7338  0.0576  0.2086    0.303    0.281    3.779      2.60864654
Kb  1.30 -0.3512  0.3500   1.0000  0.7863  0.7266  0.0597  0.2137    0.336    0.311    3.898      2.33785569
Kb  1.30 -0.3512  0.4000   1.0000  0.7820  0.7204  0.0616  0.2180    0.368    0.339    4.000      2.12733178
Kb  1.30 -0.3512  0.4500   1.0000  0.7782  0.7151  0.0631  0.2218    0.395    0.363    4.084      1.96896709
Kb  1.30 -0.3512  0.5000   1.0000  0.7749  0.7103  0.0646  0.2251    0.423    0.388    4.164      1.83002342
Kb  1.30 -0.3512  0.6000   1.0000  0.7689  0.7018  0.0672  0.2311    0.479    0.437    4.305      1.60681395
Kb  1.30 -0.3512  0.7000   1.0000  0.7638  0.6944  0.0694  0.2362    0.531    0.483    4.426      1.43771093
Kb  1.30 -0.3512  0.8000   1.0000  0.7594  0.6879  0.0714  0.2406    0.583    0.528    4.533      1.30218241
Kb  1.30 -0.3512  0.9000   1.0000  0.7553  0.6820  0.0733  0.2447    0.633    0.571    4.628      1.19369428
Kb  1.30 -0.3512  1.0000   1.0000  0.7517  0.6767  0.0751  0.2483    0.681    0.613    4.713      1.10342501
Kb  1.30 -0.3512  1.2500   1.0000  0.7438  0.6647  0.0791  0.2562    0.729    0.652    4.798      1.02015629
Kb  1.30 -0.3512  1.5000   1.0000  0.7349  0.6510  0.0839  0.2651    0.733    0.649    4.817      1.00307528
Kb  1.30 -0.3512  1.7500   1.0000  0.7276  0.6393  0.0883  0.2724    1.002    0.880    5.167      0.72630838
Kb  1.30 -0.3512  2.0000   1.0000  0.7229  0.6317  0.0912  0.2771    1.105    0.965    5.281      0.65431890
Kb  1.30 -0.3512  2.2500   1.0000  0.7188  0.6248  0.0940  0.2812    1.281    1.114    5.447      0.56112533
Kb  1.30 -0.3512  2.5000   1.0000  0.7158  0.6197  0.0961  0.2842    1.399    1.211    5.547      0.51174958
Kb  1.30 -0.3512  2.7500   1.0000  0.7131  0.6150  0.0981  0.2869    1.493    1.287    5.622      0.47774589
Kb  1.30 -0.3512  3.0000   1.0000  0.7107  0.6107  0.1000  0.2893    1.590    1.366    5.694      0.44705365
Kb  1.30 -0.3512  3.2500   1.0000  0.7085  0.6068  0.1018  0.2915    1.684    1.442    5.760      0.42084245
Kb  1.30 -0.3512  3.5000   1.0000  0.7065  0.6030  0.1035  0.2935    1.787    1.526    5.828      0.39529237
Kb  1.30 -0.3512  3.7500   1.0000  0.7047  0.5997  0.1050  0.2953    1.900    1.617    5.897      0.37093375
Kb  1.30 -0.3512  4.0000   1.0000  0.7031  0.5965  0.1065  0.2969    1.989    1.688    5.949      0.35347437
Kb  1.30 -0.3512  4.5000   1.0000  0.7001  0.5908  0.1093  0.2999    2.172    1.833    6.049      0.32229395
Kb  1.30 -0.3512  5.0000   1.0000  0.6975  0.5857  0.1118  0.3025    2.373    1.993    6.149      0.29395043
Kb  1.30 -0.3512  5.5000   1.0000  0.6953  0.5812  0.1141  0.3047    2.536    2.120    6.225      0.27414486
Kb  1.30 -0.3512  6.0000   1.0000  0.6933  0.5770  0.1163  0.3067    2.706    2.252    6.298      0.25623270
Kb  1.30 -0.3512  6.5000   1.0000  0.6914  0.5732  0.1183  0.3086    2.907    2.409    6.379      0.23788882
Kb  1.30 -0.3512  7.0000   1.0000  0.6898  0.5697  0.1201  0.3102    3.057    2.524    6.436      0.22567340
Kb  1.30 -0.3512  7.5000   1.0000  0.6883  0.5664  0.1219  0.3117    3.206    2.639    6.491      0.21466106
Kb  1.30 -0.3512  8.0000   1.0000  0.6869  0.5634  0.1235  0.3131    3.357    2.753    6.543      0.20463985
Kb  1.30 -0.3512  8.5000   1.0000  0.6856  0.5605  0.1252  0.3144    3.508    2.867    6.592      0.19545995
Kb  1.30 -0.3512  9.0000   1.0000  0.6844  0.5577  0.1267  0.3156    3.659    2.982    6.640      0.18705413
Kb  1.30 -0.3512  9.5000   1.0000  0.6833  0.5551  0.1282  0.3167    3.792    3.080    6.681      0.18020320
Kb  1.30 -0.3512 10.0000   1.0000  0.6823  0.5526  0.1296  0.3177    3.913    3.170    6.717      0.17433987
Kb  1.30 -0.3512 10.5000   1.0000  0.6813  0.5502  0.1311  0.3187    4.035    3.259    6.751      0.16885574
Kb  1.30 -0.3512 11.0000   1.0000  0.6804  0.5479  0.1324  0.3196    4.156    3.347    6.785      0.16370819
Kb  1.30 -0.3512 11.5000   1.0000  0.6795  0.5457  0.1338  0.3205    4.278    3.435    6.817      0.15885973
Kb  1.30 -0.3512 12.0000   1.0000  0.6787  0.5436  0.1351  0.3213    4.399    3.523    6.849      0.15427857
Kb  1.30 -0.3512 12.5000   1.0000  0.6780  0.5415  0.1364  0.3220    4.522    3.612    6.880      0.14993728
Kb  1.30 -0.3512 13.0000   1.0000  0.6772  0.5395  0.1377  0.3228    4.644    3.700    6.910      0.14582116
Kb  1.30 -0.3512 13.5000   1.0000  0.6765  0.5376  0.1390  0.3235    4.746    3.771    6.935      0.14253258
Kb  1.30 -0.3512 14.0000   1.0000  0.6759  0.5357  0.1402  0.3241    4.838    3.834    6.957      0.13970789
Kb  1.30 -0.2513  0.0300   1.0000  0.8732  0.8397  0.0334  0.1268    0.076    0.073    2.175     11.42943198
Kb  1.30 -0.2513  0.0400   1.0000  0.8617  0.8259  0.0358  0.1383    0.094    0.090    2.409      9.21458144
Kb  1.30 -0.2513  0.0500   1.0000  0.8532  0.8154  0.0378  0.1468    0.109    0.104    2.585      7.83335483
Kb  1.30 -0.2513  0.0600   1.0000  0.8466  0.8071  0.0396  0.1534    0.120    0.115    2.701      7.04368432
Kb  1.30 -0.2513  0.0700   1.0000  0.8412  0.8000  0.0412  0.1588    0.134    0.127    2.823      6.29464756
Kb  1.30 -0.2513  0.0800   1.0000  0.8367  0.7940  0.0427  0.1633    0.144    0.136    2.907      5.82589076
Kb  1.30 -0.2513  0.0900   1.0000  0.8327  0.7887  0.0440  0.1673    0.153    0.145    2.984      5.42514995
Kb  1.30 -0.2513  0.1000   1.0000  0.8292  0.7838  0.0454  0.1708    0.166    0.157    3.076      4.98420608
Kb  1.30 -0.2513  0.1500   1.0000  0.8158  0.7665  0.0492  0.1842    0.205    0.193    3.320      3.98009667
Kb  1.30 -0.2513  0.2000   1.0000  0.8062  0.7540  0.0523  0.1938    0.240    0.225    3.506      3.35466851
Kb  1.30 -0.2513  0.2500   1.0000  0.7989  0.7441  0.0548  0.2011    0.274    0.255    3.659      2.91341703
Kb  1.30 -0.2513  0.3000   1.0000  0.7929  0.7359  0.0571  0.2071    0.308    0.286    3.795      2.57062207
Kb  1.30 -0.2513  0.3500   1.0000  0.7878  0.7287  0.0591  0.2122    0.343    0.318    3.918      2.29406111
Kb  1.30 -0.2513  0.4000   1.0000  0.7834  0.7225  0.0609  0.2166    0.377    0.348    4.026      2.07805108
Kb  1.30 -0.2513  0.4500   1.0000  0.7798  0.7173  0.0625  0.2202    0.406    0.373    4.110      1.92268280
Kb  1.30 -0.2513  0.5000   1.0000  0.7764  0.7125  0.0639  0.2236    0.434    0.398    4.189      1.78826761
Kb  1.30 -0.2513  0.6000   1.0000  0.7706  0.7042  0.0664  0.2294    0.492    0.450    4.333      1.56656069
Kb  1.30 -0.2513  0.7000   1.0000  0.7656  0.6970  0.0686  0.2344    0.548    0.499    4.458      1.39587912
Kb  1.30 -0.2513  0.8000   1.0000  0.7611  0.6905  0.0706  0.2389    0.605    0.549    4.570      1.25848409
Kb  1.30 -0.2513  0.9000   1.0000  0.7571  0.6847  0.0725  0.2429    0.654    0.591    4.660      1.15834435
Kb  1.30 -0.2513  1.0000   1.0000  0.7535  0.6794  0.0742  0.2465    0.684    0.616    4.714      1.10237678
Kb  1.30 -0.2513  1.2500   1.0000  0.7438  0.6646  0.0791  0.2562    0.767    0.685    4.854      0.96960434
Kb  1.30 -0.2513  1.5000   1.0000  0.7357  0.6521  0.0835  0.2643    0.915    0.811    5.057      0.80383237
Kb  1.30 -0.2513  1.7500   1.0000  0.7295  0.6424  0.0871  0.2705    1.071    0.943    5.237      0.68134340
Kb  1.30 -0.2513  2.0000   1.0000  0.7249  0.6349  0.0900  0.2751    1.181    1.034    5.350      0.61400912
Kb  1.30 -0.2513  2.2500   1.0000  0.7208  0.6283  0.0926  0.2792    1.302    1.135    5.462      0.55344349
Kb  1.30 -0.2513  2.5000   1.0000  0.7175  0.6226  0.0949  0.2825    1.503    1.304    5.623      0.47750612
Kb  1.30 -0.2513  2.7500   1.0000  0.7149  0.6181  0.0968  0.2851    1.602    1.385    5.696      0.44613605
Kb  1.30 -0.2513  3.0000   1.0000  0.7125  0.6139  0.0986  0.2875    1.702    1.467    5.766      0.41849930
Kb  1.30 -0.2513  3.2500   1.0000  0.7103  0.6100  0.1003  0.2897    1.805    1.550    5.833      0.39346879
Kb  1.30 -0.2513  3.5000   1.0000  0.7083  0.6064  0.1020  0.2917    1.903    1.629    5.893      0.37213415
Kb  1.30 -0.2513  3.7500   1.0000  0.7065  0.6030  0.1035  0.2935    2.012    1.717    5.956      0.35114259
Kb  1.30 -0.2513  4.0000   1.0000  0.7048  0.5998  0.1050  0.2952    2.129    1.812    6.020      0.33110662
Kb  1.30 -0.2513  4.5000   1.0000  0.7018  0.5942  0.1076  0.2982    2.314    1.959    6.115      0.30331849
Kb  1.30 -0.2513  5.0000   1.0000  0.6992  0.5891  0.1101  0.3008    2.524    2.127    6.214      0.27701518
Kb  1.30 -0.2513  5.5000   1.0000  0.6970  0.5846  0.1124  0.3030    2.710    2.273    6.294      0.25716697
Kb  1.30 -0.2513  6.0000   1.0000  0.6950  0.5805  0.1145  0.3050    2.886    2.411    6.366      0.24078505
Kb  1.30 -0.2513  6.5000   1.0000  0.6931  0.5767  0.1164  0.3069    3.068    2.553    6.435      0.22588923
Kb  1.30 -0.2513  7.0000   1.0000  0.6914  0.5731  0.1183  0.3086    3.288    2.726    6.513      0.21026511
Kb  1.30 -0.2513  7.5000   1.0000  0.6899  0.5699  0.1200  0.3101    3.444    2.845    6.566      0.20030242
Kb  1.30 -0.2513  8.0000   1.0000  0.6886  0.5669  0.1216  0.3114    3.600    2.964    6.616      0.19125526
Kb  1.30 -0.2513  8.5000   1.0000  0.6873  0.5641  0.1232  0.3127    3.756    3.083    6.664      0.18297533
Kb  1.30 -0.2513  9.0000   1.0000  0.6860  0.5614  0.1246  0.3140    3.912    3.201    6.710      0.17535967
Kb  1.30 -0.2513  9.5000   1.0000  0.6849  0.5588  0.1261  0.3151    4.069    3.320    6.755      0.16832291
Kb  1.30 -0.2513 10.0000   1.0000  0.6838  0.5564  0.1275  0.3162    4.191    3.410    6.788      0.16316285
Kb  1.30 -0.2513 10.5000   1.0000  0.6828  0.5540  0.1288  0.3172    4.318    3.503    6.822      0.15813055
Kb  1.30 -0.2513 11.0000   1.0000  0.6819  0.5517  0.1302  0.3181    4.445    3.596    6.855      0.15341477
Kb  1.30 -0.2513 11.5000   1.0000  0.6810  0.5495  0.1315  0.3190    4.571    3.689    6.887      0.14898210
Kb  1.30 -0.2513 12.0000   1.0000  0.6802  0.5474  0.1328  0.3198    4.697    3.780    6.918      0.14480050
Kb  1.30 -0.2513 12.5000   1.0000  0.6794  0.5454  0.1340  0.3206    4.824    3.872    6.948      0.14084326
Kb  1.30 -0.2513 13.0000   1.0000  0.6786  0.5434  0.1353  0.3214    4.950    3.964    6.978      0.13708618
Kb  1.30 -0.2513 13.5000   1.0000  0.6779  0.5414  0.1365  0.3221    5.078    4.056    7.006      0.13350723
Kb  1.30 -0.2513 14.0000   1.0000  0.6773  0.5396  0.1377  0.3227    5.206    4.148    7.034      0.13009146
Kb  1.30  0.0600  0.0300   1.0000  0.8730  0.8395  0.0335  0.1270    0.076    0.073    2.166     11.52712173
Kb  1.30  0.0600  0.0400   1.0000  0.8620  0.8263  0.0357  0.1380    0.094    0.090    2.410      9.20754240
Kb  1.30  0.0600  0.0500   1.0000  0.8538  0.8161  0.0377  0.1462    0.113    0.108    2.626      7.54690847
Kb  1.30  0.0600  0.0600   1.0000  0.8476  0.8083  0.0393  0.1524    0.126    0.121    2.754      6.70264735
Kb  1.30  0.0600  0.0700   1.0000  0.8423  0.8015  0.0408  0.1577    0.142    0.135    2.890      5.91759665
Kb  1.30  0.0600  0.0800   1.0000  0.8381  0.7959  0.0422  0.1619    0.154    0.147    2.984      5.42607010
Kb  1.30  0.0600  0.0900   1.0000  0.8343  0.7908  0.0435  0.1657    0.166    0.158    3.069      5.01769245
Kb  1.30  0.0600  0.1000   1.0000  0.8309  0.7862  0.0447  0.1691    0.179    0.169    3.153      4.64115947
Kb  1.30  0.0600  0.1500   1.0000  0.8184  0.7699  0.0485  0.1816    0.224    0.211    3.414      3.65230482
Kb  1.30  0.0600  0.2000   1.0000  0.8094  0.7581  0.0513  0.1906    0.263    0.247    3.601      3.07210710
Kb  1.30  0.0600  0.2500   1.0000  0.8026  0.7489  0.0537  0.1974    0.299    0.279    3.750      2.68034189
Kb  1.30  0.0600  0.3000   1.0000  0.7970  0.7412  0.0558  0.2030    0.335    0.311    3.879      2.37986419
Kb  1.30  0.0600  0.3500   1.0000  0.7923  0.7345  0.0578  0.2077    0.371    0.344    3.997      2.13433200
Kb  1.30  0.0600  0.4000   1.0000  0.7883  0.7287  0.0596  0.2117    0.408    0.377    4.105      1.93190586
Kb  1.30  0.0600  0.4500   1.0000  0.7847  0.7235  0.0612  0.2153    0.444    0.410    4.202      1.76659368
Kb  1.30  0.0600  0.5000   1.0000  0.7816  0.7189  0.0627  0.2184    0.480    0.442    4.291      1.62734328
Kb  1.30  0.0600  0.6000   1.0000  0.7761  0.7109  0.0653  0.2239    0.553    0.506    4.451      1.40473970
Kb  1.30  0.0600  0.7000   1.0000  0.7714  0.7040  0.0675  0.2286    0.625    0.570    4.591      1.23518011
Kb  1.30  0.0600  0.8000   1.0000  0.7673  0.6979  0.0694  0.2327    0.693    0.631    4.710      1.10662797
Kb  1.30  0.0600  0.9000   1.0000  0.7636  0.6923  0.0713  0.2364    0.763    0.691    4.819      1.00132055
Kb  1.30  0.0600  1.0000   1.0000  0.7602  0.6872  0.0730  0.2398    0.830    0.750    4.915      0.91642415
Kb  1.30  0.0600  1.2500   1.0000  0.7530  0.6761  0.0770  0.2470    0.908    0.815    5.023      0.82914473
Kb  1.30  0.0600  1.5000   1.0000  0.7440  0.6616  0.0823  0.2560    1.075    0.956    5.219      0.69221781
Kb  1.30  0.0600  1.7500   1.0000  0.7383  0.6523  0.0859  0.2617    1.289    1.139    5.425      0.57298093
Kb  1.30  0.0600  2.0000   1.0000  0.7337  0.6447  0.0890  0.2663    1.465    1.288    5.571      0.50072478
Kb  1.30  0.0600  2.2500   1.0000  0.7300  0.6384  0.0916  0.2700    1.621    1.418    5.686      0.45033205
Kb  1.30  0.0600  2.5000   1.0000  0.7267  0.6328  0.0939  0.2733    1.763    1.535    5.782      0.41212981
Kb  1.30  0.0600  2.7500   1.0000  0.7238  0.6277  0.0961  0.2762    1.918    1.663    5.878      0.37741124
Kb  1.30  0.0600  3.0000   1.0000  0.7213  0.6232  0.0980  0.2787    2.174    1.878    6.018      0.33181095
Kb  1.30  0.0600  3.2500   1.0000  0.7192  0.6196  0.0996  0.2808    2.296    1.978    6.080      0.31326451
Kb  1.30  0.0600  3.5000   1.0000  0.7173  0.6162  0.1012  0.2827    2.417    2.076    6.139      0.29679132
Kb  1.30  0.0600  3.7500   1.0000  0.7156  0.6130  0.1026  0.2844    2.539    2.175    6.195      0.28190775
Kb  1.30  0.0600  4.0000   1.0000  0.7140  0.6100  0.1040  0.2860    2.664    2.276    6.250      0.26803468
Kb  1.30  0.0600  4.5000   1.0000  0.7111  0.6045  0.1066  0.2889    2.906    2.470    6.348      0.24472681
Kb  1.30  0.0600  5.0000   1.0000  0.7086  0.5996  0.1090  0.2914    3.131    2.649    6.433      0.22632956
Kb  1.30  0.0600  5.5000   1.0000  0.7064  0.5952  0.1112  0.2936    3.370    2.839    6.516      0.20961590
Kb  1.30  0.0600  6.0000   1.0000  0.7044  0.5911  0.1133  0.2956    3.605    3.025    6.593      0.19541721
Kb  1.30  0.0600  6.5000   1.0000  0.7027  0.5874  0.1153  0.2973    3.859    3.226    6.669      0.18208048
Kb  1.30  0.0600  7.0000   1.0000  0.7011  0.5840  0.1171  0.2989    4.068    3.389    6.729      0.17233944
Kb  1.30  0.0600  7.5000   1.0000  0.6997  0.5808  0.1188  0.3003    4.278    3.552    6.786      0.16353998
Kb  1.30  0.0600  8.0000   1.0000  0.6983  0.5778  0.1205  0.3017    4.491    3.716    6.841      0.15550925
Kb  1.30  0.0600  8.5000   1.0000  0.6971  0.5750  0.1221  0.3029    4.706    3.882    6.893      0.14812782
Kb  1.30  0.0600  9.0000   1.0000  0.6960  0.5723  0.1236  0.3040    4.921    4.047    6.944      0.14142474
Kb  1.30  0.0600  9.5000   1.0000  0.6949  0.5698  0.1251  0.3051    5.100    4.182    6.984      0.13625407
Kb  1.30  0.0600 10.0000   1.0000  0.6939  0.5674  0.1265  0.3061    5.278    4.316    7.023      0.13147045
Kb  1.30  0.0600 10.5000   1.0000  0.6929  0.5652  0.1278  0.3071    5.455    4.449    7.060      0.12702825
Kb  1.30  0.0600 11.0000   1.0000  0.6922  0.5634  0.1288  0.3078    5.720    4.656    7.113      0.12101100
Kb  1.30  0.0600 11.5000   1.0000  0.6914  0.5614  0.1300  0.3086    5.907    4.796    7.149      0.11705132
Kb  1.30  0.0600 12.0000   1.0000  0.6906  0.5594  0.1312  0.3094    6.094    4.936    7.184      0.11333039
Kb  1.30  0.0600 12.5000   1.0000  0.6899  0.5575  0.1324  0.3101    6.255    5.054    7.214      0.11029808
Kb  1.30  0.0600 13.0000   1.0000  0.6891  0.5556  0.1335  0.3109    6.308    5.086    7.224      0.10924278
Kb  1.30  0.0600 13.5000   1.0000  0.6884  0.5537  0.1347  0.3116    6.463    5.198    7.251      0.10651745
Kb  1.30  0.0600 14.0000   1.0000  0.6877  0.5519  0.1358  0.3123    6.618    5.310    7.278      0.10392386
Kb  1.30  0.1496  0.0300   1.0000  0.8725  0.8390  0.0336  0.1275    0.079    0.076    2.209     11.08065706
Kb  1.30  0.1496  0.0400   1.0000  0.8617  0.8259  0.0358  0.1383    0.100    0.095    2.477      8.65698627
Kb  1.30  0.1496  0.0500   1.0000  0.8536  0.8159  0.0377  0.1464    0.119    0.114    2.681      7.16839515
Kb  1.30  0.1496  0.0600   1.0000  0.8475  0.8082  0.0393  0.1525    0.134    0.127    2.814      6.34448490
Kb  1.30  0.1496  0.0700   1.0000  0.8423  0.8015  0.0408  0.1577    0.149    0.142    2.941      5.64528543
Kb  1.30  0.1496  0.0800   1.0000  0.8381  0.7960  0.0422  0.1619    0.160    0.152    3.025      5.22203254
Kb  1.30  0.1496  0.0900   1.0000  0.8344  0.7910  0.0434  0.1656    0.172    0.163    3.104      4.85875039
Kb  1.30  0.1496  0.1000   1.0000  0.8311  0.7865  0.0446  0.1689    0.184    0.174    3.182      4.51910703
Kb  1.30  0.1496  0.1500   1.0000  0.8187  0.7703  0.0484  0.1813    0.229    0.216    3.438      3.57213479
Kb  1.30  0.1496  0.2000   1.0000  0.8098  0.7587  0.0511  0.1902    0.269    0.252    3.624      3.00815992
Kb  1.30  0.1496  0.2500   1.0000  0.8031  0.7496  0.0535  0.1969    0.306    0.286    3.773      2.62182080
Kb  1.30  0.1496  0.3000   1.0000  0.7976  0.7420  0.0556  0.2024    0.343    0.319    3.903      2.32633368
Kb  1.30  0.1496  0.3500   1.0000  0.7930  0.7355  0.0575  0.2070    0.380    0.353    4.023      2.08407878
Kb  1.30  0.1496  0.4000   1.0000  0.7890  0.7297  0.0593  0.2110    0.419    0.388    4.133      1.88235460
Kb  1.30  0.1496  0.4500   1.0000  0.7854  0.7245  0.0609  0.2146    0.458    0.423    4.235      1.71458740
Kb  1.30  0.1496  0.5000   1.0000  0.7824  0.7200  0.0624  0.2176    0.497    0.457    4.327      1.57436031
Kb  1.30  0.1496  0.6000   1.0000  0.7769  0.7121  0.0649  0.2231    0.573    0.525    4.489      1.35613630
Kb  1.30  0.1496  0.7000   1.0000  0.7723  0.7052  0.0671  0.2277    0.650    0.593    4.632      1.18869425
Kb  1.30  0.1496  0.8000   1.0000  0.7682  0.6992  0.0690  0.2318    0.725    0.660    4.757      1.06002976
Kb  1.30  0.1496  0.9000   1.0000  0.7645  0.6937  0.0708  0.2355    0.796    0.722    4.864      0.96069512
Kb  1.30  0.1496  1.0000   1.0000  0.7612  0.6887  0.0725  0.2388    0.863    0.781    4.956      0.88202357
Kb  1.30  0.1496  1.2500   1.0000  0.7541  0.6777  0.0763  0.2459    0.957    0.860    5.078      0.78824568
Kb  1.30  0.1496  1.5000   1.0000  0.7459  0.6647  0.0812  0.2541    1.094    0.975    5.236      0.68172291
Kb  1.30  0.1496  1.7500   1.0000  0.7396  0.6546  0.0851  0.2604    1.357    1.201    5.479      0.54489589
Kb  1.30  0.1496  2.0000   1.0000  0.7351  0.6470  0.0881  0.2649    1.538    1.354    5.622      0.47785259
Kb  1.30  0.1496  2.2500   1.0000  0.7313  0.6406  0.0907  0.2687    1.717    1.504    5.747      0.42593031
Kb  1.30  0.1496  2.5000   1.0000  0.7281  0.6351  0.0929  0.2719    1.865    1.627    5.841      0.39035252
Kb  1.30  0.1496  2.7500   1.0000  0.7251  0.6301  0.0951  0.2749    2.023    1.757    5.934      0.35850077
Kb  1.30  0.1496  3.0000   1.0000  0.7226  0.6255  0.0970  0.2774    2.237    1.936    6.047      0.32306626
Kb  1.30  0.1496  3.2500   1.0000  0.7204  0.6216  0.0987  0.2796    2.446    2.111    6.147      0.29450012
Kb  1.30  0.1496  3.5000   1.0000  0.7185  0.6182  0.1002  0.2815    2.575    2.215    6.206      0.27907684
Kb  1.30  0.1496  3.7500   1.0000  0.7168  0.6151  0.1017  0.2832    2.712    2.327    6.265      0.26431513
Kb  1.30  0.1496  4.0000   1.0000  0.7151  0.6121  0.1030  0.2849    2.843    2.434    6.319      0.25152774
Kb  1.30  0.1496  4.5000   1.0000  0.7122  0.6067  0.1056  0.2878    3.089    2.631    6.413      0.23056263
Kb  1.30  0.1496  5.0000   1.0000  0.7097  0.6018  0.1079  0.2903    3.327    2.821    6.498      0.21329838
Kb  1.30  0.1496  5.5000   1.0000  0.7075  0.5974  0.1101  0.2925    3.576    3.019    6.579      0.19783941
Kb  1.30  0.1496  6.0000   1.0000  0.7055  0.5934  0.1121  0.2945    3.828    3.220    6.656      0.18429513
Kb  1.30  0.1496  6.5000   1.0000  0.7037  0.5897  0.1141  0.2963    4.088    3.426    6.730      0.17214263
Kb  1.30  0.1496  7.0000   1.0000  0.7021  0.5863  0.1159  0.2979    4.324    3.611    6.794      0.16236655
Kb  1.30  0.1496  7.5000   1.0000  0.7007  0.5831  0.1176  0.2993    4.551    3.787    6.851      0.15397371
Kb  1.30  0.1496  8.0000   1.0000  0.6994  0.5802  0.1192  0.3006    4.773    3.959    6.905      0.14653136
Kb  1.30  0.1496  8.5000   1.0000  0.6981  0.5773  0.1208  0.3019    4.997    4.133    6.957      0.13969729
Kb  1.30  0.1496  9.0000   1.0000  0.6970  0.5747  0.1223  0.3030    5.224    4.307    7.007      0.13342558
Kb  1.30  0.1496  9.5000   1.0000  0.6959  0.5722  0.1237  0.3041    5.431    4.466    7.051      0.12813158
Kb  1.30  0.1496 10.0000   1.0000  0.6949  0.5698  0.1251  0.3051    5.634    4.620    7.092      0.12332935
Kb  1.30  0.1496 10.5000   1.0000  0.6941  0.5678  0.1263  0.3059    5.871    4.803    7.138      0.11821080
Kb  1.30  0.1496 11.0000   1.0000  0.6932  0.5656  0.1275  0.3068    6.070    4.953    7.176      0.11419804
Kb  1.30  0.1496 11.5000   1.0000  0.6923  0.5636  0.1287  0.3077    6.268    5.102    7.212      0.11045580
Kb  1.30  0.1496 12.0000   1.0000  0.6915  0.5616  0.1299  0.3085    6.466    5.251    7.247      0.10694512
Kb  1.30  0.1496 12.5000   1.0000  0.6907  0.5597  0.1311  0.3093    6.650    5.388    7.279      0.10387424
Kb  1.30  0.1496 13.0000   1.0000  0.6900  0.5578  0.1322  0.3100    6.779    5.480    7.301      0.10178584
Kb  1.30  0.1496 13.5000   1.0000  0.6893  0.5560  0.1333  0.3107    6.957    5.612    7.330      0.09907301
Kb  1.30  0.1496 14.0000   1.0000  0.6886  0.5542  0.1344  0.3114    7.114    5.726    7.355      0.09679154
Kb  1.30  0.2559  0.0300   1.0000  0.8719  0.8383  0.0337  0.1281    0.085    0.082    2.293     10.25171022
Kb  1.30  0.2559  0.0400   1.0000  0.8613  0.8254  0.0359  0.1387    0.108    0.104    2.567      7.96415153
Kb  1.30  0.2559  0.0500   1.0000  0.8534  0.8157  0.0377  0.1466    0.128    0.122    2.757      6.68490610
Kb  1.30  0.2559  0.0600   1.0000  0.8474  0.8081  0.0394  0.1526    0.142    0.136    2.884      5.94985951
Kb  1.30  0.2559  0.0700   1.0000  0.8423  0.8015  0.0408  0.1577    0.157    0.149    2.996      5.36385007
Kb  1.30  0.2559  0.0800   1.0000  0.8382  0.7961  0.0422  0.1618    0.167    0.159    3.071      5.00723243
Kb  1.30  0.2559  0.0900   1.0000  0.8346  0.7912  0.0434  0.1654    0.178    0.169    3.142      4.68821601
Kb  1.30  0.2559  0.1000   1.0000  0.8313  0.7868  0.0445  0.1687    0.190    0.180    3.216      4.38174663
Kb  1.30  0.2559  0.1500   1.0000  0.8191  0.7708  0.0483  0.1809    0.235    0.221    3.466      3.48110793
Kb  1.30  0.2559  0.2000   1.0000  0.8104  0.7594  0.0510  0.1896    0.276    0.259    3.651      2.93581309
Kb  1.30  0.2559  0.2500   1.0000  0.8037  0.7505  0.0533  0.1963    0.315    0.294    3.801      2.55541259
Kb  1.30  0.2559  0.3000   1.0000  0.7983  0.7430  0.0553  0.2017    0.353    0.328    3.933      2.26368754
Kb  1.30  0.2559  0.3500   1.0000  0.7937  0.7365  0.0572  0.2063    0.392    0.364    4.054      2.02505512
Kb  1.30  0.2559  0.4000   1.0000  0.7897  0.7308  0.0589  0.2103    0.434    0.401    4.169      1.82166976
Kb  1.30  0.2559  0.4500   1.0000  0.7863  0.7258  0.0605  0.2137    0.476    0.439    4.274      1.65346624
Kb  1.30  0.2559  0.5000   1.0000  0.7832  0.7212  0.0620  0.2168    0.517    0.476    4.369      1.51467495
Kb  1.30  0.2559  0.6000   1.0000  0.7779  0.7134  0.0645  0.2221    0.598    0.549    4.535      1.30037843
Kb  1.30  0.2559  0.7000   1.0000  0.7733  0.7067  0.0666  0.2267    0.682    0.623    4.684      1.13382281
Kb  1.30  0.2559  0.8000   1.0000  0.7693  0.7008  0.0685  0.2307    0.763    0.695    4.811      1.00865394
Kb  1.30  0.2559  0.9000   1.0000  0.7656  0.6954  0.0703  0.2344    0.837    0.760    4.917      0.91444344
Kb  1.30  0.2559  1.0000   1.0000  0.7624  0.6905  0.0719  0.2376    0.912    0.826    5.014      0.83636813
Kb  1.30  0.2559  1.2500   1.0000  0.7553  0.6796  0.0757  0.2447    1.033    0.929    5.160      0.73137133
Kb  1.30  0.2559  1.5000   1.0000  0.7480  0.6682  0.0799  0.2520    1.123    1.003    5.261      0.66624356
Kb  1.30  0.2559  1.7500   1.0000  0.7412  0.6571  0.0841  0.2588    1.442    1.278    5.542      0.51405623
Kb  1.30  0.2559  2.0000   1.0000  0.7367  0.6497  0.0870  0.2633    1.628    1.436    5.681      0.45244951
Kb  1.30  0.2559  2.2500   1.0000  0.7328  0.6432  0.0896  0.2672    1.834    1.610    5.816      0.39947907
Kb  1.30  0.2559  2.5000   1.0000  0.7296  0.6377  0.0919  0.2704    1.991    1.740    5.910      0.36651096
Kb  1.30  0.2559  2.7500   1.0000  0.7267  0.6327  0.0940  0.2733    2.150    1.872    5.998      0.33791436
Kb  1.30  0.2559  3.0000   1.0000  0.7240  0.6281  0.0959  0.2760    2.319    2.012    6.084      0.31216828
Kb  1.30  0.2559  3.2500   1.0000  0.7217  0.6239  0.0977  0.2783    2.632    2.275    6.225      0.27421408
Kb  1.30  0.2559  3.5000   1.0000  0.7198  0.6206  0.0992  0.2802    2.770    2.388    6.283      0.25988437
Kb  1.30  0.2559  3.7500   1.0000  0.7181  0.6175  0.1006  0.2819    2.906    2.499    6.338      0.24705752
Kb  1.30  0.2559  4.0000   1.0000  0.7165  0.6145  0.1019  0.2835    3.042    2.609    6.390      0.23550909
Kb  1.30  0.2559  4.5000   1.0000  0.7136  0.6092  0.1044  0.2864    3.320    2.834    6.489      0.21491413
Kb  1.30  0.2559  5.0000   1.0000  0.7110  0.6043  0.1067  0.2890    3.591    3.052    6.578      0.19798461
Kb  1.30  0.2559  5.5000   1.0000  0.7087  0.5999  0.1088  0.2913    3.832    3.243    6.652      0.18496001
Kb  1.30  0.2559  6.0000   1.0000  0.7067  0.5959  0.1108  0.2933    4.106    3.462    6.730      0.17212196
Kb  1.30  0.2559  6.5000   1.0000  0.7050  0.5923  0.1127  0.2950    4.375    3.676    6.802      0.16112260
Kb  1.30  0.2559  7.0000   1.0000  0.7034  0.5889  0.1145  0.2966    4.647    3.891    6.870      0.15135566
Kb  1.30  0.2559  7.5000   1.0000  0.7019  0.5857  0.1162  0.2981    4.895    4.085    6.929      0.14340557
Kb  1.30  0.2559  8.0000   1.0000  0.7006  0.5828  0.1178  0.2994    5.129    4.267    6.981      0.13659198
Kb  1.30  0.2559  8.5000   1.0000  0.6993  0.5800  0.1193  0.3007    5.365    4.449    7.032      0.13035277
Kb  1.30  0.2559  9.0000   1.0000  0.6981  0.5774  0.1208  0.3019    5.606    4.636    7.082      0.12454666
Kb  1.30  0.2559  9.5000   1.0000  0.6970  0.5748  0.1222  0.3030    5.850    4.824    7.130      0.11916030
Kb  1.30  0.2559 10.0000   1.0000  0.6960  0.5725  0.1236  0.3040    6.086    5.005    7.174      0.11437347
Kb  1.30  0.2559 10.5000   1.0000  0.6951  0.5702  0.1249  0.3049    6.288    5.158    7.211      0.11054051
Kb  1.30  0.2559 11.0000   1.0000  0.6942  0.5682  0.1260  0.3058    6.510    5.328    7.250      0.10663922
Kb  1.30  0.2559 11.5000   1.0000  0.6934  0.5661  0.1272  0.3066    6.723    5.490    7.287      0.10312436
Kb  1.30  0.2559 12.0000   1.0000  0.6925  0.5641  0.1284  0.3075    6.937    5.650    7.322      0.09983830
Kb  1.30  0.2559 12.5000   1.0000  0.6918  0.5622  0.1296  0.3082    7.150    5.811    7.356      0.09675535
Kb  1.30  0.2559 13.0000   1.0000  0.6910  0.5604  0.1307  0.3090    7.363    5.971    7.389      0.09385207
Kb  1.30  0.2559 13.5000   1.0000  0.6903  0.5586  0.1317  0.3097    7.576    6.130    7.421      0.09112301
Kb  1.30  0.2559 14.0000   1.0000  0.6896  0.5569  0.1328  0.3104    7.747    6.255    7.446      0.08902109
Kb  1.30  0.3971  0.0300   1.0000  0.8704  0.8365  0.0339  0.1296    0.106    0.102    2.531      8.23084803
Kb  1.30  0.3971  0.0400   1.0000  0.8602  0.8241  0.0361  0.1398    0.123    0.118    2.711      6.97761431
Kb  1.30  0.3971  0.0500   1.0000  0.8526  0.8146  0.0380  0.1474    0.139    0.132    2.847      6.15500377
Kb  1.30  0.3971  0.0600   1.0000  0.8467  0.8071  0.0396  0.1533    0.151    0.144    2.946      5.61966703
Kb  1.30  0.3971  0.0700   1.0000  0.8417  0.8007  0.0410  0.1583    0.163    0.155    3.035      5.17378199
Kb  1.30  0.3971  0.0800   1.0000  0.8377  0.7953  0.0423  0.1623    0.173    0.164    3.108      4.84131831
Kb  1.30  0.3971  0.0900   1.0000  0.8341  0.7905  0.0436  0.1659    0.184    0.174    3.180      4.53077417
Kb  1.30  0.3971  0.1000   1.0000  0.8308  0.7861  0.0447  0.1692    0.196    0.185    3.252      4.23799540
Kb  1.30  0.3971  0.1500   1.0000  0.8187  0.7704  0.0484  0.1813    0.244    0.229    3.505      3.35790583
Kb  1.30  0.3971  0.2000   1.0000  0.8101  0.7591  0.0511  0.1899    0.287    0.269    3.693      2.82267138
Kb  1.30  0.3971  0.2500   1.0000  0.8036  0.7502  0.0533  0.1964    0.328    0.306    3.846      2.45216375
Kb  1.30  0.3971  0.3000   1.0000  0.7982  0.7429  0.0553  0.2018    0.368    0.343    3.981      2.16646796
Kb  1.30  0.3971  0.3500   1.0000  0.7938  0.7366  0.0572  0.2062    0.411    0.382    4.106      1.93055322
Kb  1.30  0.3971  0.4000   1.0000  0.7899  0.7310  0.0589  0.2101    0.457    0.423    4.225      1.72940991
Kb  1.30  0.3971  0.4500   1.0000  0.7865  0.7261  0.0604  0.2135    0.501    0.463    4.331      1.56867026
Kb  1.30  0.3971  0.5000   1.0000  0.7835  0.7216  0.0619  0.2165    0.546    0.503    4.428      1.43459992
Kb  1.30  0.3971  0.6000   1.0000  0.7782  0.7139  0.0643  0.2218    0.636    0.583    4.601      1.22361145
Kb  1.30  0.3971  0.7000   1.0000  0.7736  0.7072  0.0664  0.2264    0.728    0.666    4.755      1.06210562
Kb  1.30  0.3971  0.8000   1.0000  0.7697  0.7014  0.0683  0.2303    0.816    0.743    4.883      0.94376215
Kb  1.30  0.3971  0.9000   1.0000  0.7661  0.6961  0.0700  0.2339    0.897    0.815    4.991      0.85407629
Kb  1.30  0.3971  1.0000   1.0000  0.7630  0.6914  0.0716  0.2370    0.975    0.883    5.086      0.78284123
Kb  1.30  0.3971  1.2500   1.0000  0.7561  0.6808  0.0753  0.2439    1.132    1.019    5.258      0.66803371
Kb  1.30  0.3971  1.5000   1.0000  0.7495  0.6705  0.0790  0.2505    1.214    1.086    5.344      0.61723549
Kb  1.30  0.3971  1.7500   1.0000  0.7425  0.6592  0.0833  0.2575    1.544    1.371    5.615      0.48094715
Kb  1.30  0.3971  2.0000   1.0000  0.7380  0.6519  0.0861  0.2620    1.744    1.541    5.754      0.42309513
Kb  1.30  0.3971  2.2500   1.0000  0.7342  0.6454  0.0887  0.2658    1.956    1.719    5.884      0.37536580
Kb  1.30  0.3971  2.5000   1.0000  0.7308  0.6398  0.0910  0.2692    2.153    1.884    5.993      0.33951939
Kb  1.30  0.3971  2.7500   1.0000  0.7279  0.6348  0.0931  0.2721    2.327    2.030    6.082      0.31278840
Kb  1.30  0.3971  3.0000   1.0000  0.7252  0.6302  0.0950  0.2748    2.503    2.175    6.165      0.28972913
Kb  1.30  0.3971  3.2500   1.0000  0.7228  0.6260  0.0968  0.2772    2.772    2.400    6.279      0.26079353
Kb  1.30  0.3971  3.5000   1.0000  0.7208  0.6224  0.0984  0.2792    3.024    2.611    6.377      0.23833056
Kb  1.30  0.3971  3.7500   1.0000  0.7191  0.6193  0.0998  0.2809    3.174    2.734    6.432      0.22654991
Kb  1.30  0.3971  4.0000   1.0000  0.7175  0.6164  0.1011  0.2825    3.322    2.854    6.484      0.21595990
Kb  1.30  0.3971  4.5000   1.0000  0.7140  0.6104  0.1035  0.2860    3.699    3.163    6.606      0.19300482
Kb  1.30  0.3971  5.0000   1.0000  0.7120  0.6062  0.1058  0.2880    3.957    3.369    6.682      0.17993731
Kb  1.30  0.3971  5.5000   1.0000  0.7097  0.6017  0.1079  0.2903    4.126    3.498    6.731      0.17199559
Kb  1.30  0.3971  6.0000   1.0000  0.7077  0.5978  0.1099  0.2923    4.425    3.738    6.810      0.15992818
Kb  1.30  0.3971  6.5000   1.0000  0.7059  0.5941  0.1118  0.2941    4.719    3.972    6.883      0.14957648
Kb  1.30  0.3971  7.0000   1.0000  0.7042  0.5906  0.1135  0.2958    5.011    4.203    6.951      0.14052727
Kb  1.30  0.3971  7.5000   1.0000  0.7027  0.5875  0.1152  0.2973    5.345    4.468    7.023      0.13146718
Kb  1.30  0.3971  8.0000   1.0000  0.7013  0.5845  0.1168  0.2987    5.606    4.672    7.077      0.12510588
Kb  1.30  0.3971  8.5000   1.0000  0.7001  0.5818  0.1183  0.2999    5.869    4.877    7.128      0.11928952
Kb  1.30  0.3971  9.0000   1.0000  0.6989  0.5791  0.1198  0.3011    6.135    5.083    7.178      0.11392867
Kb  1.30  0.3971  9.5000   1.0000  0.6978  0.5766  0.1212  0.3022    6.405    5.293    7.227      0.10894560
Kb  1.30  0.3971 10.0000   1.0000  0.6968  0.5743  0.1225  0.3032    6.681    5.506    7.274      0.10429727
Kb  1.30  0.3971 10.5000   1.0000  0.6958  0.5720  0.1238  0.3042    6.954    5.716    7.319      0.10006815
Kb  1.30  0.3971 11.0000   1.0000  0.6950  0.5700  0.1250  0.3050    7.153    5.866    7.351      0.09716313
Kb  1.30  0.3971 11.5000   1.0000  0.6941  0.5679  0.1262  0.3059    7.394    6.050    7.389      0.09387095
Kb  1.30  0.3971 12.0000   1.0000  0.6933  0.5659  0.1273  0.3067    7.636    6.233    7.425      0.09079586
Kb  1.30  0.3971 12.5000   1.0000  0.6925  0.5640  0.1285  0.3075    7.877    6.416    7.460      0.08791410
Kb  1.30  0.3971 13.0000   1.0000  0.6917  0.5622  0.1296  0.3083    8.119    6.598    7.494      0.08520368
Kb  1.30  0.3971 13.5000   1.0000  0.6910  0.5604  0.1306  0.3090    8.361    6.781    7.527      0.08264460
Kb  1.30  0.3971 14.0000   1.0000  0.6903  0.5587  0.1317  0.3097    8.604    6.963    7.559      0.08023606
